EQUINOX =        2000.00000000 

RADESYS = 'ICRS    '           

CTYPE1  = 'RA---TAN'           

CTYPE2  = 'DEC--TAN'           

CUNIT1  = 'deg     '           

CUNIT2  = 'deg     '           

CRVAL1  =   2.105664444137E+02 

CRVAL2  =   5.449515780822E+01 

CRPIX1  =   5.166225769250E+03 

CRPIX2  =  -1.420053405214E+02 

CD1_1   =  -5.177901053518E-05 

CD1_2   =  -2.598029662107E-07 

CD2_1   =  -1.462693630067E-07 

CD2_2   =   5.186328799031E-05 

PV1_0   =  -5.247387739926E-03 

PV1_1   =   1.067971489874E+00 

PV1_2   =   1.091066694764E-02 

PV1_4   =  -2.943962022150E-01 

PV1_5   =  -6.766689980302E-02 

PV1_6   =  -2.951087353530E-02 

PV1_7   =   4.219304817799E-01 

PV1_8   =   1.324616986459E-01 

PV1_9   =   5.266832190641E-02 

PV1_10  =   3.384408745305E-02 

PV2_0   =   2.203376829033E-03 

PV2_1   =   9.963340270506E-01 

PV2_2   =  -3.462606604625E-02 

PV2_4   =   1.159572519281E-02 

PV2_5   =   3.824491445204E-02 

PV2_6   =   1.701564636395E-01 

PV2_7   =  -5.940390392325E-03 

PV2_8   =  -6.129970609923E-02 

PV2_9   =  -7.847694073389E-02 

PV2_10  =  -2.690114970557E-01 

FGROUPNO=                    1 

ASTIRMS1=   2.035195569208E-05 

ASTIRMS2=   1.830696122120E-05 

ASTRRMS1=   4.656634330701E-05 

ASTRRMS2=   4.237111373681E-05 

ASTINST =                    2 

FLSCALE =   2.648132549093E-01 

MAGZEROP=          30.00000000 

PHOTIRMS=           0.06433078 

PHOTINST=                    1 

PHOTLINK=                    F 

RZP     =             0.039742 

FLXSCALE=         7.348566E-03 

END



