EQUINOX =        2000.00000000 

RADESYS = 'ICRS    '           

CTYPE1  = 'RA---TAN'           

CTYPE2  = 'DEC--TAN'           

CUNIT1  = 'deg     '           

CUNIT2  = 'deg     '           

CRVAL1  =   2.105664444137E+02 

CRVAL2  =   5.449515780822E+01 

CRPIX1  =   7.301284539929E+03 

CRPIX2  =  -1.531056992520E+02 

CD1_1   =  -5.158818967313E-05 

CD1_2   =  -2.724150618434E-07 

CD2_1   =  -8.107654944350E-08 

CD2_2   =   5.179085343717E-05 

PV1_0   =   4.356881368000E-02 

PV1_1   =   6.118813470827E-01 

PV1_2   =  -5.010414420927E-02 

PV1_4   =   1.171073906633E+00 

PV1_5   =   1.976125926563E-01 

PV1_6   =   1.337299081418E-01 

PV1_7   =  -1.193355434169E+00 

PV1_8   =  -1.689002252474E-01 

PV1_9   =  -2.977723243848E-01 

PV1_10  =  -1.069536539141E-01 

PV2_0   =  -3.748362469113E-02 

PV2_1   =   1.024600740394E+00 

PV2_2   =   3.390238681368E-01 

PV2_4   =  -3.441004469874E-02 

PV2_5   =  -1.019798063032E-01 

PV2_6   =  -1.028249827833E+00 

PV2_7   =  -5.486778457759E-02 

PV2_8   =   1.466874005126E-01 

PV2_9   =   7.942504274242E-02 

PV2_10  =   1.044338364929E+00 

FGROUPNO=                    1 

ASTIRMS1=   2.035195569208E-05 

ASTIRMS2=   1.830696122120E-05 

ASTRRMS1=   4.656634330701E-05 

ASTRRMS2=   4.237111373681E-05 

ASTINST =                    2 

FLSCALE =   2.648132549093E-01 

MAGZEROP=          30.00000000 

PHOTIRMS=           0.06433078 

PHOTINST=                    1 

PHOTLINK=                    F 

RZP     =             0.039742 

FLXSCALE=         7.348566E-03 

END



