EQUINOX =        2000.00000000 

RADESYS = 'ICRS    '           

CTYPE1  = 'RA---TAN'           

CTYPE2  = 'DEC--TAN'           

CUNIT1  = 'deg     '           

CUNIT2  = 'deg     '           

CRVAL1  =   2.088965226357E+02 

CRVAL2  =   5.449502612764E+01 

CRPIX1  =  -9.818298508801E+03 

CRPIX2  =  -1.658052380570E+02 

CD1_1   =  -5.089956722906E-05 

CD1_2   =  -6.700511890527E-08 

CD2_1   =  -3.117341373535E-07 

CD2_2   =   5.157829329532E-05 

PV1_0   =   4.432286588962E-02 

PV1_1   =   1.246137702627E+00 

PV1_2   =   1.051357664462E-01 

PV1_4   =   4.571502380034E-01 

PV1_5   =   3.903425186351E-01 

PV1_6   =  -1.154205979720E-02 

PV1_7   =   2.828865813716E-01 

PV1_8   =   3.507479782003E-01 

PV1_9   =  -5.055213511552E-02 

PV1_10  =  -1.022537360614E-02 

PV2_0   =   2.624226519348E-02 

PV2_1   =   9.271995698046E-01 

PV2_2   =   1.293401696242E-01 

PV2_4   =   2.468763101650E-02 

PV2_5   =  -2.913817393961E-01 

PV2_6   =   2.039046411906E-01 

PV2_7   =  -4.703929603842E-02 

PV2_8   =   3.282270760177E-02 

PV2_9   =  -2.856355836081E-01 

PV2_10  =   1.014366238456E-01 

FGROUPNO=                    1 

ASTIRMS1=   2.035195569208E-05 

ASTIRMS2=   1.830696122120E-05 

ASTRRMS1=   4.932533311537E-05 

ASTRRMS2=   4.366165867233E-05 

ASTINST =                    2 

FLSCALE =   2.821781680870E-01 

MAGZEROP=          30.00000000 

PHOTIRMS=           0.06433078 

PHOTINST=                    1 

PHOTLINK=                    F 

RZP     =             0.009509 

FLXSCALE=         7.855460E-03 

END



