EQUINOX =        2000.00000000 

RADESYS = 'ICRS    '           

CTYPE1  = 'RA---TAN'           

CTYPE2  = 'DEC--TAN'           

CUNIT1  = 'deg     '           

CUNIT2  = 'deg     '           

CRVAL1  =   2.105664444137E+02 

CRVAL2  =   5.449515780822E+01 

CRPIX1  =  -1.198386033317E+03 

CRPIX2  =  -1.391158363047E+02 

CD1_1   =  -5.191703255582E-05 

CD1_2   =  -1.656402486167E-07 

CD2_1   =  -2.081593432926E-07 

CD2_2   =   5.189592443903E-05 

PV1_0   =   5.427185707713E-04 

PV1_1   =   1.013151083447E+00 

PV1_2   =  -1.760787136332E-03 

PV1_4   =   9.881126747588E-02 

PV1_5   =  -1.499562071094E-02 

PV1_6   =   6.959172559635E-03 

PV1_7   =   2.419428760164E-01 

PV1_8   =  -8.924360871913E-02 

PV1_9   =  -4.545566172313E-02 

PV1_10  =  -2.790658292813E-02 

PV2_0   =  -9.648976298854E-04 

PV2_1   =   1.001486140763E+00 

PV2_2   =  -2.406446408376E-02 

PV2_4   =  -2.987845387452E-03 

PV2_5   =  -1.084071592190E-02 

PV2_6   =  -2.196110623621E-01 

PV2_7   =  -1.492762085134E-02 

PV2_8   =   3.975593613141E-03 

PV2_9   =  -5.113416340895E-02 

PV2_10  =  -6.388428334694E-01 

FGROUPNO=                    1 

ASTIRMS1=   2.035195569208E-05 

ASTIRMS2=   1.830696122120E-05 

ASTRRMS1=   4.656634330701E-05 

ASTRRMS2=   4.237111373681E-05 

ASTINST =                    2 

FLSCALE =   2.648132549093E-01 

MAGZEROP=          30.00000000 

PHOTIRMS=           0.06433078 

PHOTINST=                    1 

PHOTLINK=                    F 

RZP     =             0.039742 

FLXSCALE=         7.348566E-03 

END



