EQUINOX =        2000.00000000 

RADESYS = 'ICRS    '           

CTYPE1  = 'RA---TAN'           

CTYPE2  = 'DEC--TAN'           

CUNIT1  = 'deg     '           

CUNIT2  = 'deg     '           

CRVAL1  =   2.105664444137E+02 

CRVAL2  =   5.449515780822E+01 

CRPIX1  =  -9.818298508801E+03 

CRPIX2  =  -1.658052380570E+02 

CD1_1   =  -5.088472216885E-05 

CD1_2   =  -6.453309941414E-08 

CD2_1   =  -3.092892788415E-07 

CD2_2   =   5.156312371917E-05 

PV1_0   =   4.431465625394E-02 

PV1_1   =   1.246427959793E+00 

PV1_2   =   1.051469915640E-01 

PV1_4   =   4.571502380034E-01 

PV1_5   =   3.903425186351E-01 

PV1_6   =  -1.154205979720E-02 

PV1_7   =   2.828865813716E-01 

PV1_8   =   3.507479782003E-01 

PV1_9   =  -5.055213511552E-02 

PV1_10  =  -1.022537360614E-02 

PV2_0   =   2.618228377297E-02 

PV2_1   =   9.275014009736E-01 

PV2_2   =   1.293365544707E-01 

PV2_4   =   2.468763101650E-02 

PV2_5   =  -2.913817393961E-01 

PV2_6   =   2.039046411906E-01 

PV2_7   =  -4.703929603842E-02 

PV2_8   =   3.282270760177E-02 

PV2_9   =  -2.856355836081E-01 

PV2_10  =   1.014366238456E-01 

FGROUPNO=                    1 

ASTIRMS1=   2.035195569208E-05 

ASTIRMS2=   1.830696122120E-05 

ASTRRMS1=   4.656634330701E-05 

ASTRRMS2=   4.237111373681E-05 

ASTINST =                    2 

FLSCALE =   2.648132549093E-01 

MAGZEROP=          30.00000000 

PHOTIRMS=           0.06433078 

PHOTINST=                    1 

PHOTLINK=                    F 

RZP     =             0.039742 

FLXSCALE=         7.348566E-03 

END



