EQUINOX =        2000.00000000 

RADESYS = 'ICRS    '           

CTYPE1  = 'RA---TAN'           

CTYPE2  = 'DEC--TAN'           

CUNIT1  = 'deg     '           

CUNIT2  = 'deg     '           

CRVAL1  =   2.088965226357E+02 

CRVAL2  =   5.449502612764E+01 

CRPIX1  =   5.168593921219E+03 

CRPIX2  =   4.526709245118E+03 

CD1_1   =  -5.179349247540E-05 

CD1_2   =  -1.433540272483E-07 

CD2_1   =  -2.605569316303E-07 

CD2_2   =   5.186709773541E-05 

PV1_0   =   5.842711569937E-03 

PV1_1   =   9.053196033997E-01 

PV1_2   =  -1.801956864433E-02 

PV1_4   =   4.854187755383E-01 

PV1_5   =   1.251910812296E-01 

PV1_6   =  -3.596896143583E-02 

PV1_7   =  -8.074072301319E-01 

PV1_8   =  -2.519814588585E-01 

PV1_9   =   7.813929136732E-02 

PV1_10  =  -3.851936178421E-02 

PV2_0   =  -1.182544359527E-02 

PV2_1   =   9.840888341979E-01 

PV2_2   =   1.531988413364E-01 

PV2_4   =   1.193661722711E-03 

PV2_5   =   1.602877769616E-01 

PV2_6   =  -6.451125116169E-01 

PV2_7   =  -2.736279557337E-02 

PV2_8   =  -2.508792617011E-02 

PV2_9   =  -3.975359045835E-01 

PV2_10  =   8.840025832855E-01 

FGROUPNO=                    1 

ASTIRMS1=   2.035195569208E-05 

ASTIRMS2=   1.830696122120E-05 

ASTRRMS1=   4.932533311537E-05 

ASTRRMS2=   4.366165867233E-05 

ASTINST =                    2 

FLSCALE =   2.821781680870E-01 

MAGZEROP=          30.00000000 

PHOTIRMS=           0.06433078 

PHOTINST=                    1 

PHOTLINK=                    F 

RZP     =             0.009509 

FLXSCALE=         7.855460E-03 

END



