EQUINOX =        2000.00000000 

RADESYS = 'ICRS    '           

CTYPE1  = 'RA---TAN'           

CTYPE2  = 'DEC--TAN'           

CUNIT1  = 'deg     '           

CUNIT2  = 'deg     '           

CRVAL1  =   2.105664444137E+02 

CRVAL2  =   5.449515780822E+01 

CRPIX1  =   7.340788076396E+03 

CRPIX2  =  -5.246980953966E+03 

CD1_1   =  -5.144006806461E-05 

CD1_2   =  -4.776436982544E-07 

CD2_1   =   6.615309709924E-08 

CD2_2   =   5.137454507002E-05 

PV1_0   =  -8.549723575456E-03 

PV1_1   =   1.035083127489E+00 

PV1_2   =   2.021594364035E-02 

PV1_4   =   1.636894449964E-03 

PV1_5   =  -1.083275025968E-01 

PV1_6   =   6.526258477962E-03 

PV1_7   =  -1.389860138356E-01 

PV1_8   =   2.448680501844E-01 

PV1_9   =  -7.963731885405E-02 

PV1_10  =   8.278950403581E-03 

PV2_0   =  -1.266515743242E-02 

PV2_1   =   1.000654331359E+00 

PV2_2   =   9.699530036375E-02 

PV2_4   =  -3.930824006847E-03 

PV2_5   =   8.446090157811E-02 

PV2_6   =  -3.263248083348E-01 

PV2_7   =  -3.135729030984E-03 

PV2_8   =  -6.291401773710E-02 

PV2_9   =  -8.012605979183E-02 

PV2_10  =   3.502763626490E-01 

FGROUPNO=                    1 

ASTIRMS1=   2.035195569208E-05 

ASTIRMS2=   1.830696122120E-05 

ASTRRMS1=   4.656634330701E-05 

ASTRRMS2=   4.237111373681E-05 

ASTINST =                    2 

FLSCALE =   2.648132549093E-01 

MAGZEROP=          30.00000000 

PHOTIRMS=           0.06433078 

PHOTINST=                    1 

PHOTLINK=                    F 

RZP     =             0.039742 

FLXSCALE=         7.348566E-03 

END



