EQUINOX =        2000.00000000 

RADESYS = 'ICRS    '           

CTYPE1  = 'RA---TAN'           

CTYPE2  = 'DEC--TAN'           

CUNIT1  = 'deg     '           

CUNIT2  = 'deg     '           

CRVAL1  =   2.088965226357E+02 

CRVAL2  =   5.449502612764E+01 

CRPIX1  =   7.301284539929E+03 

CRPIX2  =  -1.531056992520E+02 

CD1_1   =  -5.160325102319E-05 

CD1_2   =  -2.749586232339E-07 

CD2_1   =  -8.348679719481E-08 

CD2_2   =   5.180608040698E-05 

PV1_0   =   4.357702331568E-02 

PV1_1   =   6.115910899169E-01 

PV1_2   =  -5.011536932707E-02 

PV1_4   =   1.171073906633E+00 

PV1_5   =   1.976125926563E-01 

PV1_6   =   1.337299081418E-01 

PV1_7   =  -1.193355434169E+00 

PV1_8   =  -1.689002252474E-01 

PV1_9   =  -2.977723243848E-01 

PV1_10  =  -1.069536539141E-01 

PV2_0   =  -3.742364327063E-02 

PV2_1   =   1.024298909225E+00 

PV2_2   =   3.390274832904E-01 

PV2_4   =  -3.441004469874E-02 

PV2_5   =  -1.019798063032E-01 

PV2_6   =  -1.028249827833E+00 

PV2_7   =  -5.486778457759E-02 

PV2_8   =   1.466874005126E-01 

PV2_9   =   7.942504274242E-02 

PV2_10  =   1.044338364929E+00 

FGROUPNO=                    1 

ASTIRMS1=   2.035195569208E-05 

ASTIRMS2=   1.830696122120E-05 

ASTRRMS1=   4.932533311537E-05 

ASTRRMS2=   4.366165867233E-05 

ASTINST =                    2 

FLSCALE =   2.821781680870E-01 

MAGZEROP=          30.00000000 

PHOTIRMS=           0.06433078 

PHOTINST=                    1 

PHOTLINK=                    F 

RZP     =             0.009509 

FLXSCALE=         7.855460E-03 

END



