EQUINOX =        2000.00000000 

RADESYS = 'ICRS    '           

CTYPE1  = 'RA---TAN'           

CTYPE2  = 'DEC--TAN'           

CUNIT1  = 'deg     '           

CUNIT2  = 'deg     '           

CRVAL1  =   2.088965226357E+02 

CRVAL2  =   5.449502612764E+01 

CRPIX1  =   3.038498807970E+03 

CRPIX2  =  -1.414358583961E+02 

CD1_1   =  -5.194256818840E-05 

CD1_2   =  -2.257884461638E-07 

CD2_1   =  -1.674179853747E-07 

CD2_2   =   5.191939843609E-05 

PV1_0   =   1.205747681915E-03 

PV1_1   =   9.569959630903E-01 

PV1_2   =   4.005143976330E-03 

PV1_4   =   4.192493876511E-01 

PV1_5   =   1.939675570747E-02 

PV1_6   =  -3.671705446784E-02 

PV1_7   =  -1.277990482283E+00 

PV1_8   =  -1.910390106308E-01 

PV1_9   =   5.973136743731E-02 

PV1_10  =   6.683093861417E-02 

PV2_0   =  -7.013985990683E-04 

PV2_1   =   9.911042013686E-01 

PV2_2   =   3.187352562704E-02 

PV2_4   =   3.588388186657E-02 

PV2_5   =   9.323023126881E-02 

PV2_6   =  -3.570315054988E-01 

PV2_7   =  -4.264164966379E-02 

PV2_8   =  -2.331511759297E-01 

PV2_9   =  -1.397219618855E-01 

PV2_10  =   1.153278587042E+00 

FGROUPNO=                    1 

ASTIRMS1=   2.035195569208E-05 

ASTIRMS2=   1.830696122120E-05 

ASTRRMS1=   4.932533311537E-05 

ASTRRMS2=   4.366165867233E-05 

ASTINST =                    2 

FLSCALE =   2.821781680870E-01 

MAGZEROP=          30.00000000 

PHOTIRMS=           0.06433078 

PHOTINST=                    1 

PHOTLINK=                    F 

RZP     =             0.009509 

FLXSCALE=         7.855460E-03 

END



