EQUINOX =        2000.00000000 

RADESYS = 'ICRS    '           

CTYPE1  = 'RA---TAN'           

CTYPE2  = 'DEC--TAN'           

CUNIT1  = 'deg     '           

CUNIT2  = 'deg     '           

CRVAL1  =   2.088965226357E+02 

CRVAL2  =   5.449502612764E+01 

CRPIX1  =   3.051586342315E+03 

CRPIX2  =  -5.223633053566E+03 

CD1_1   =  -5.177545879364E-05 

CD1_2   =  -2.907664555312E-07 

CD2_1   =  -1.486927781803E-07 

CD2_2   =   5.146854495468E-05 

PV1_0   =  -2.383473629674E-03 

PV1_1   =   9.761060689793E-01 

PV1_2   =   2.035111288496E-02 

PV1_4   =   3.176185091669E-01 

PV1_5   =  -8.229875739776E-03 

PV1_6   =  -4.441641551577E-02 

PV1_7   =  -1.443429425906E+00 

PV1_8   =   2.894685560084E-01 

PV1_9   =  -8.920092178852E-02 

PV1_10  =   4.039969087175E-02 

PV2_0   =  -4.315807521651E-03 

PV2_1   =   1.022888410491E+00 

PV2_2   =   1.353075847587E-02 

PV2_4   =  -3.825133886223E-02 

PV2_5   =   8.474765288473E-03 

PV2_6   =  -1.428924095446E-01 

PV2_7   =   1.786644897412E-02 

PV2_8   =  -3.919551678313E-02 

PV2_9   =   5.905579069565E-02 

PV2_10  =   4.009307496509E-01 

FGROUPNO=                    1 

ASTIRMS1=   2.035195569208E-05 

ASTIRMS2=   1.830696122120E-05 

ASTRRMS1=   4.932533311537E-05 

ASTRRMS2=   4.366165867233E-05 

ASTINST =                    2 

FLSCALE =   2.821781680870E-01 

MAGZEROP=          30.00000000 

PHOTIRMS=           0.06433078 

PHOTINST=                    1 

PHOTLINK=                    F 

RZP     =             0.009509 

FLXSCALE=         7.855460E-03 

END



