EQUINOX =        2000.00000000 

RADESYS = 'ICRS    '           

CTYPE1  = 'RA---TAN'           

CTYPE2  = 'DEC--TAN'           

CUNIT1  = 'deg     '           

CUNIT2  = 'deg     '           

CRVAL1  =   2.088965226357E+02 

CRVAL2  =   5.449502612764E+01 

CRPIX1  =  -3.353655914582E+03 

CRPIX2  =  -5.238398293439E+03 

CD1_1   =  -5.164058461830E-05 

CD1_2   =   1.369609627115E-08 

CD2_1   =  -3.799738770675E-07 

CD2_2   =   5.140655565647E-05 

PV1_0   =  -2.085669924691E-03 

PV1_1   =   1.002237438406E+00 

PV1_2   =   2.615014528818E-02 

PV1_4   =  -4.963652929471E-03 

PV1_5   =   1.855789970784E-02 

PV1_6   =  -7.332898741009E-02 

PV1_7   =  -5.420172394828E-02 

PV1_8   =  -3.627171207869E-02 

PV1_9   =  -6.237243795724E-02 

PV1_10  =   5.621130177519E-02 

PV2_0   =  -2.445542437489E-03 

PV2_1   =   9.880499274724E-01 

PV2_2   =  -3.271304542186E-02 

PV2_4   =   7.458889959473E-02 

PV2_5   =   5.793130952253E-02 

PV2_6   =  -8.547950182032E-02 

PV2_7   =  -8.120105197142E-02 

PV2_8   =   1.570383580565E-02 

PV2_9   =   1.419032338317E-01 

PV2_10  =  -3.913328238088E-02 

FGROUPNO=                    1 

ASTIRMS1=   2.035195569208E-05 

ASTIRMS2=   1.830696122120E-05 

ASTRRMS1=   4.932533311537E-05 

ASTRRMS2=   4.366165867233E-05 

ASTINST =                    2 

FLSCALE =   2.821781680870E-01 

MAGZEROP=          30.00000000 

PHOTIRMS=           0.06433078 

PHOTINST=                    1 

PHOTLINK=                    F 

RZP     =             0.009509 

FLXSCALE=         7.855460E-03 

END



