EQUINOX =        2000.00000000 

RADESYS = 'ICRS    '           

CTYPE1  = 'RA---TAN'           

CTYPE2  = 'DEC--TAN'           

CUNIT1  = 'deg     '           

CUNIT2  = 'deg     '           

CRVAL1  =   2.088965226357E+02 

CRVAL2  =   5.449502612764E+01 

CRPIX1  =   9.512416530140E+03 

CRPIX2  =  -5.270153654205E+03 

CD1_1   =  -5.117006486625E-05 

CD1_2   =  -5.791646015119E-07 

CD2_1   =   1.148297918138E-07 

CD2_2   =   5.127872255533E-05 

PV1_0   =  -1.923714482563E-02 

PV1_1   =   1.094904477927E+00 

PV1_2   =   1.249711018766E-02 

PV1_4   =  -1.309467534566E-01 

PV1_5   =  -1.036178946884E-01 

PV1_6   =   5.053260299657E-02 

PV1_7   =   2.381890219099E-02 

PV1_8   =   1.807924898083E-01 

PV1_9   =  -1.011746577830E-01 

PV1_10  =  -1.574527658272E-02 

PV2_0   =   4.125162531184E-02 

PV2_1   =   1.005069418453E+00 

PV2_2   =  -3.074525711139E-01 

PV2_4   =  -6.792723238725E-02 

PV2_5   =   1.629274275655E-01 

PV2_6   =   6.560948890309E-01 

PV2_7   =   1.774043622141E-02 

PV2_8   =   4.439899806318E-02 

PV2_9   =  -2.495614098436E-01 

PV2_10  =  -4.419215857058E-01 

FGROUPNO=                    1 

ASTIRMS1=   2.035195569208E-05 

ASTIRMS2=   1.830696122120E-05 

ASTRRMS1=   4.932533311537E-05 

ASTRRMS2=   4.366165867233E-05 

ASTINST =                    2 

FLSCALE =   2.821781680870E-01 

MAGZEROP=          30.00000000 

PHOTIRMS=           0.06433078 

PHOTINST=                    1 

PHOTLINK=                    F 

RZP     =             0.009509 

FLXSCALE=         7.855460E-03 

END



