EQUINOX =        2000.00000000 

RADESYS = 'ICRS    '           

CTYPE1  = 'RA---TAN'           

CTYPE2  = 'DEC--TAN'           

CUNIT1  = 'deg     '           

CUNIT2  = 'deg     '           

CRVAL1  =   2.105664444137E+02 

CRVAL2  =   5.449515780822E+01 

CRPIX1  =   5.190079835475E+03 

CRPIX2  =  -5.237005313274E+03 

CD1_1   =  -5.163578708858E-05 

CD1_2   =  -3.832760837354E-07 

CD2_1   =   1.170735652328E-08 

CD2_2   =   5.141437373412E-05 

PV1_0   =   5.986881640747E-03 

PV1_1   =   9.656978160509E-01 

PV1_2   =  -3.448859669508E-02 

PV1_4   =   8.276266403176E-02 

PV1_5   =   1.186648320835E-01 

PV1_6   =   6.400289962700E-02 

PV1_7   =  -8.000540185006E-02 

PV1_8   =  -1.135744494936E-01 

PV1_9   =  -1.101124429531E-01 

PV1_10  =  -3.750459218577E-02 

PV2_0   =  -8.318235560520E-03 

PV2_1   =   1.038059230551E+00 

PV2_2   =   2.420506347568E-02 

PV2_4   =  -4.840477343144E-02 

PV2_5   =  -6.456894166301E-02 

PV2_6   =  -3.552002582129E-02 

PV2_7   =   8.090484970620E-03 

PV2_8   =   5.119910325360E-02 

PV2_9   =   2.471762683465E-02 

PV2_10  =   2.972852843406E-02 

FGROUPNO=                    1 

ASTIRMS1=   2.035195569208E-05 

ASTIRMS2=   1.830696122120E-05 

ASTRRMS1=   4.656634330701E-05 

ASTRRMS2=   4.237111373681E-05 

ASTINST =                    2 

FLSCALE =   2.648132549093E-01 

MAGZEROP=          30.00000000 

PHOTIRMS=           0.06433078 

PHOTINST=                    1 

PHOTLINK=                    F 

RZP     =             0.039742 

FLXSCALE=         7.348566E-03 

END



