EQUINOX =        2000.00000000 

RADESYS = 'ICRS    '           

CTYPE1  = 'RA---TAN'           

CTYPE2  = 'DEC--TAN'           

CUNIT1  = 'deg     '           

CUNIT2  = 'deg     '           

CRVAL1  =   2.088965226357E+02 

CRVAL2  =   5.449502612764E+01 

CRPIX1  =   1.166201174993E+04 

CRPIX2  =   4.555697449725E+03 

CD1_1   =  -5.088253443630E-05 

CD1_2   =  -5.696159414672E-09 

CD2_1   =  -3.595867816294E-07 

CD2_2   =   5.155826646758E-05 

PV1_0   =   5.622001207249E-02 

PV1_1   =   6.890212260587E-01 

PV1_2   =   8.556708624536E-02 

PV1_4   =   5.705184740670E-01 

PV1_5   =  -3.082965960777E-01 

PV1_6   =   4.227530955466E-02 

PV1_7   =  -3.485316297891E-01 

PV1_8   =   2.653291321885E-01 

PV1_9   =  -1.090672855526E-01 

PV1_10  =  -1.444547148328E-02 

PV2_0   =   1.009862781570E-01 

PV2_1   =   1.108332158431E+00 

PV2_2   =  -5.449516248742E-01 

PV2_4   =   8.314609510203E-02 

PV2_5   =  -3.416933466088E-01 

PV2_6   =   9.864523558610E-01 

PV2_7   =   1.341367330873E-02 

PV2_8   =  -1.329655325633E-01 

PV2_9   =   2.664855597689E-01 

PV2_10  =  -5.985714444905E-01 

FGROUPNO=                    1 

ASTIRMS1=   2.035195569208E-05 

ASTIRMS2=   1.830696122120E-05 

ASTRRMS1=   4.932533311537E-05 

ASTRRMS2=   4.366165867233E-05 

ASTINST =                    2 

FLSCALE =   2.821781680870E-01 

MAGZEROP=          30.00000000 

PHOTIRMS=           0.06433078 

PHOTINST=                    1 

PHOTLINK=                    F 

RZP     =             0.009509 

FLXSCALE=         7.855460E-03 

END



