EQUINOX =        2000.00000000 

RADESYS = 'ICRS    '           

CTYPE1  = 'RA---TAN'           

CTYPE2  = 'DEC--TAN'           

CUNIT1  = 'deg     '           

CUNIT2  = 'deg     '           

CRVAL1  =   2.088965226357E+02 

CRVAL2  =   5.449502612764E+01 

CRPIX1  =   9.183894631736E+02 

CRPIX2  =  -5.221182200802E+03 

CD1_1   =  -5.180985969528E-05 

CD1_2   =  -1.818813222673E-07 

CD2_1   =  -1.828729619564E-07 

CD2_2   =   5.147912170889E-05 

PV1_0   =  -2.529962506879E-03 

PV1_1   =   1.020841360928E+00 

PV1_2   =   1.809802232897E-02 

PV1_4   =   4.965081052853E-02 

PV1_5   =  -7.848426831530E-02 

PV1_6   =  -4.161269383247E-02 

PV1_7   =  -3.507613934275E-01 

PV1_8   =  -1.647742194515E-01 

PV1_9   =   6.891081348568E-02 

PV1_10  =   3.050862575466E-02 

PV2_0   =  -1.494780370502E-03 

PV2_1   =   1.004703180735E+00 

PV2_2   =   9.731810433398E-03 

PV2_4   =   8.148811051658E-03 

PV2_5   =  -4.499915355965E-02 

PV2_6   =   2.927720663340E-02 

PV2_7   =  -2.462887621098E-02 

PV2_8   =   4.805111026382E-02 

PV2_9   =  -3.804147351483E-02 

PV2_10  =   4.243062089039E-01 

FGROUPNO=                    1 

ASTIRMS1=   2.035195569208E-05 

ASTIRMS2=   1.830696122120E-05 

ASTRRMS1=   4.932533311537E-05 

ASTRRMS2=   4.366165867233E-05 

ASTINST =                    2 

FLSCALE =   2.821781680870E-01 

MAGZEROP=          30.00000000 

PHOTIRMS=           0.06433078 

PHOTINST=                    1 

PHOTLINK=                    F 

RZP     =             0.009509 

FLXSCALE=         7.855460E-03 

END



