EQUINOX =        2000.00000000 

RADESYS = 'ICRS    '           

CTYPE1  = 'RA---TAN'           

CTYPE2  = 'DEC--TAN'           

CUNIT1  = 'deg     '           

CUNIT2  = 'deg     '           

CRVAL1  =   2.088965226357E+02 

CRVAL2  =   5.449502612764E+01 

CRPIX1  =   9.469640542073E+03 

CRPIX2  =   4.546872096043E+03 

CD1_1   =  -5.128196333143E-05 

CD1_2   =  -6.344956285260E-08 

CD2_1   =  -3.403757233856E-07 

CD2_2   =   5.168503686734E-05 

PV1_0   =  -1.515015264218E-02 

PV1_1   =   1.100276324496E+00 

PV1_2   =   3.200237263347E-02 

PV1_4   =  -2.237172411899E-01 

PV1_5   =  -1.696340929113E-01 

PV1_6   =  -1.046291490322E-02 

PV1_7   =   1.669769126962E-01 

PV1_8   =   2.112630602005E-01 

PV1_9   =   1.440764140025E-02 

PV1_10  =   1.315202798825E-02 

PV2_0   =   3.056875742161E-03 

PV2_1   =   1.012450416980E+00 

PV2_2   =  -8.839249674022E-03 

PV2_4   =   2.143122354440E-02 

PV2_5   =  -1.800830737735E-02 

PV2_6   =   1.646835825973E-03 

PV2_7   =   1.805196091958E-02 

PV2_8   =  -1.071176915135E-02 

PV2_9   =  -8.244894849390E-03 

PV2_10  =   7.792577202046E-03 

FGROUPNO=                    1 

ASTIRMS1=   2.035195569208E-05 

ASTIRMS2=   1.830696122120E-05 

ASTRRMS1=   4.932533311537E-05 

ASTRRMS2=   4.366165867233E-05 

ASTINST =                    2 

FLSCALE =   2.821781680870E-01 

MAGZEROP=          30.00000000 

PHOTIRMS=           0.06433078 

PHOTINST=                    1 

PHOTLINK=                    F 

RZP     =             0.009509 

FLXSCALE=         7.855460E-03 

END



