EQUINOX =        2000.00000000 

RADESYS = 'ICRS    '           

CTYPE1  = 'RA---TAN'           

CTYPE2  = 'DEC--TAN'           

CUNIT1  = 'deg     '           

CUNIT2  = 'deg     '           

CRVAL1  =   2.088965226357E+02 

CRVAL2  =   5.449502612764E+01 

CRPIX1  =   9.209386670330E+02 

CRPIX2  =  -1.409603382661E+02 

CD1_1   =  -5.196581386917E-05 

CD1_2   =  -2.121440693787E-07 

CD2_1   =  -2.065105651399E-07 

CD2_2   =   5.192856068796E-05 

PV1_0   =  -8.041155130250E-05 

PV1_1   =   1.001838772811E+00 

PV1_2   =   2.365678240397E-03 

PV1_4   =  -2.757097643594E-02 

PV1_5   =  -1.274206511099E-02 

PV1_6   =  -2.106354113672E-02 

PV1_7   =  -6.017506836145E-01 

PV1_8   =   1.476633018510E-01 

PV1_9   =   2.289596330647E-02 

PV1_10  =   5.308894240483E-02 

PV2_0   =  -1.538579986710E-05 

PV2_1   =   9.994123208319E-01 

PV2_2   =  -1.665211424089E-03 

PV2_4   =   1.677608479863E-02 

PV2_5   =   1.901308845928E-02 

PV2_6   =   1.376496998916E-02 

PV2_7   =  -6.577145680206E-02 

PV2_8   =  -6.398316349348E-02 

PV2_9   =   8.934405994144E-03 

PV2_10  =   4.862202069922E-01 

FGROUPNO=                    1 

ASTIRMS1=   2.035195569208E-05 

ASTIRMS2=   1.830696122120E-05 

ASTRRMS1=   4.932533311537E-05 

ASTRRMS2=   4.366165867233E-05 

ASTINST =                    2 

FLSCALE =   2.821781680870E-01 

MAGZEROP=          30.00000000 

PHOTIRMS=           0.06433078 

PHOTINST=                    1 

PHOTLINK=                    F 

RZP     =             0.009509 

FLXSCALE=         7.855460E-03 

END



