EQUINOX =        2000.00000000 

RADESYS = 'ICRS    '           

CTYPE1  = 'RA---TAN'           

CTYPE2  = 'DEC--TAN'           

CUNIT1  = 'deg     '           

CUNIT2  = 'deg     '           

CRVAL1  =   2.105664444137E+02 

CRVAL2  =   5.449515780822E+01 

CRPIX1  =   3.038498807970E+03 

CRPIX2  =  -1.414358583961E+02 

CD1_1   =  -5.192741176711E-05 

CD1_2   =  -2.232538516947E-07 

CD2_1   =  -1.649673606741E-07 

CD2_2   =   5.190413585856E-05 

PV1_0   =   1.197538046243E-03 

PV1_1   =   9.572862202561E-01 

PV1_2   =   4.016369094133E-03 

PV1_4   =   4.192493876511E-01 

PV1_5   =   1.939675570747E-02 

PV1_6   =  -3.671705446784E-02 

PV1_7   =  -1.277990482283E+00 

PV1_8   =  -1.910390106308E-01 

PV1_9   =   5.973136743731E-02 

PV1_10  =   6.683093861417E-02 

PV2_0   =  -7.613800195722E-04 

PV2_1   =   9.914060325375E-01 

PV2_2   =   3.186991047351E-02 

PV2_4   =   3.588388186657E-02 

PV2_5   =   9.323023126881E-02 

PV2_6   =  -3.570315054988E-01 

PV2_7   =  -4.264164966379E-02 

PV2_8   =  -2.331511759297E-01 

PV2_9   =  -1.397219618855E-01 

PV2_10  =   1.153278587042E+00 

FGROUPNO=                    1 

ASTIRMS1=   2.035195569208E-05 

ASTIRMS2=   1.830696122120E-05 

ASTRRMS1=   4.656634330701E-05 

ASTRRMS2=   4.237111373681E-05 

ASTINST =                    2 

FLSCALE =   2.648132549093E-01 

MAGZEROP=          30.00000000 

PHOTIRMS=           0.06433078 

PHOTINST=                    1 

PHOTLINK=                    F 

RZP     =             0.039742 

FLXSCALE=         7.348566E-03 

END



