EQUINOX =        2000.00000000 

RADESYS = 'ICRS    '           

CTYPE1  = 'RA---TAN'           

CTYPE2  = 'DEC--TAN'           

CUNIT1  = 'deg     '           

CUNIT2  = 'deg     '           

CRVAL1  =   2.088965226357E+02 

CRVAL2  =   5.449502612764E+01 

CRPIX1  =  -5.498527901492E+03 

CRPIX2  =   9.634502559807E+03 

CD1_1   =  -5.144919569251E-05 

CD1_2   =  -4.797441788191E-07 

CD2_1   =   8.174491984109E-08 

CD2_2   =   5.132847093219E-05 

PV1_0   =   3.288446179468E-03 

PV1_1   =   1.027702060873E+00 

PV1_2   =  -1.366495102973E-02 

PV1_4   =   8.608710936337E-02 

PV1_5   =  -6.791456690476E-02 

PV1_6   =  -2.123789139056E-02 

PV1_7   =   1.707874486739E-02 

PV1_8   =   1.113888754384E-01 

PV1_9   =  -2.104053882267E-01 

PV1_10  =   3.456451648009E-02 

PV2_0   =   1.044637475858E-03 

PV2_1   =   1.005028359476E+00 

PV2_2   =  -1.219688063038E-02 

PV2_4   =  -2.474345940942E-02 

PV2_5   =   9.888094436893E-03 

PV2_6   =  -5.083192048517E-02 

PV2_7   =  -3.223455398709E-02 

PV2_8   =  -4.924258709235E-02 

PV2_9   =   4.947234114669E-02 

PV2_10  =  -7.048787491324E-02 

FGROUPNO=                    1 

ASTIRMS1=   2.035195569208E-05 

ASTIRMS2=   1.830696122120E-05 

ASTRRMS1=   4.932533311537E-05 

ASTRRMS2=   4.366165867233E-05 

ASTINST =                    2 

FLSCALE =   2.821781680870E-01 

MAGZEROP=          30.00000000 

PHOTIRMS=           0.06433078 

PHOTINST=                    1 

PHOTLINK=                    F 

RZP     =             0.009509 

FLXSCALE=         7.855460E-03 

END



