EQUINOX =        2000.00000000 

RADESYS = 'ICRS    '           

CTYPE1  = 'RA---TAN'           

CTYPE2  = 'DEC--TAN'           

CUNIT1  = 'deg     '           

CUNIT2  = 'deg     '           

CRVAL1  =   2.105664444137E+02 

CRVAL2  =   5.449515780822E+01 

CRPIX1  =   5.168593921219E+03 

CRPIX2  =   4.526709245118E+03 

CD1_1   =  -5.177838400465E-05 

CD1_2   =  -1.408459859162E-07 

CD2_1   =  -2.580858004227E-07 

CD2_2   =   5.185184673200E-05 

PV1_0   =   5.834501934264E-03 

PV1_1   =   9.056098605655E-01 

PV1_2   =  -1.800834352652E-02 

PV1_4   =   4.854187755383E-01 

PV1_5   =   1.251910812296E-01 

PV1_6   =  -3.596896143583E-02 

PV1_7   =  -8.074072301319E-01 

PV1_8   =  -2.519814588585E-01 

PV1_9   =   7.813929136732E-02 

PV1_10  =  -3.851936178421E-02 

PV2_0   =  -1.188542501577E-02 

PV2_1   =   9.843906653668E-01 

PV2_2   =   1.531952261829E-01 

PV2_4   =   1.193661722711E-03 

PV2_5   =   1.602877769616E-01 

PV2_6   =  -6.451125116169E-01 

PV2_7   =  -2.736279557337E-02 

PV2_8   =  -2.508792617011E-02 

PV2_9   =  -3.975359045835E-01 

PV2_10  =   8.840025832855E-01 

FGROUPNO=                    1 

ASTIRMS1=   2.035195569208E-05 

ASTIRMS2=   1.830696122120E-05 

ASTRRMS1=   4.656634330701E-05 

ASTRRMS2=   4.237111373681E-05 

ASTINST =                    2 

FLSCALE =   2.648132549093E-01 

MAGZEROP=          30.00000000 

PHOTIRMS=           0.06433078 

PHOTINST=                    1 

PHOTLINK=                    F 

RZP     =             0.039742 

FLXSCALE=         7.348566E-03 

END



