EQUINOX =        2000.00000000 

RADESYS = 'ICRS    '           

CTYPE1  = 'RA---TAN'           

CTYPE2  = 'DEC--TAN'           

CUNIT1  = 'deg     '           

CUNIT2  = 'deg     '           

CRVAL1  =   2.105664444137E+02 

CRVAL2  =   5.449515780822E+01 

CRPIX1  =   3.041356499898E+03 

CRPIX2  =   4.523103930809E+03 

CD1_1   =  -5.190263004385E-05 

CD1_2   =  -1.510708044222E-07 

CD2_1   =  -2.203370581222E-07 

CD2_2   =   5.189555275661E-05 

PV1_0   =   6.424190249393E-04 

PV1_1   =   9.815095716016E-01 

PV1_2   =  -3.272666188449E-04 

PV1_4   =   1.657951054393E-01 

PV1_5   =   1.528642165629E-02 

PV1_6   =   7.077984208086E-03 

PV1_7   =  -4.887103607036E-01 

PV1_8   =  -1.882383663423E-01 

PV1_9   =  -1.483291386009E-01 

PV1_10  =  -2.834995857108E-02 

PV2_0   =  -6.599495045354E-05 

PV2_1   =   1.002396037905E+00 

PV2_2   =   2.565295951081E-03 

PV2_4   =   2.967004600650E-02 

PV2_5   =   3.677595589467E-02 

PV2_6   =  -8.539275260579E-03 

PV2_7   =   6.603877714271E-02 

PV2_8   =   8.311625953070E-03 

PV2_9   =  -1.937439647060E-01 

PV2_10  =  -3.328254729551E-02 

FGROUPNO=                    1 

ASTIRMS1=   2.035195569208E-05 

ASTIRMS2=   1.830696122120E-05 

ASTRRMS1=   4.656634330701E-05 

ASTRRMS2=   4.237111373681E-05 

ASTINST =                    2 

FLSCALE =   2.648132549093E-01 

MAGZEROP=          30.00000000 

PHOTIRMS=           0.06433078 

PHOTINST=                    1 

PHOTLINK=                    F 

RZP     =             0.039742 

FLXSCALE=         7.348566E-03 

END



