EQUINOX =        2000.00000000 

RADESYS = 'ICRS    '           

CTYPE1  = 'RA---TAN'           

CTYPE2  = 'DEC--TAN'           

CUNIT1  = 'deg     '           

CUNIT2  = 'deg     '           

CRVAL1  =   2.088965226357E+02 

CRVAL2  =   5.449502612764E+01 

CRPIX1  =  -1.209537076924E+03 

CRPIX2  =   9.608077233259E+03 

CD1_1   =  -5.177397059914E-05 

CD1_2   =  -3.087525385878E-07 

CD2_1   =  -9.748868285364E-08 

CD2_2   =   5.143885303142E-05 

PV1_0   =   1.565961273465E-03 

PV1_1   =   9.633835682363E-01 

PV1_2   =   1.714206501424E-02 

PV1_4   =  -2.459492266371E-01 

PV1_5   =  -5.201672213876E-02 

PV1_6   =   3.866420882093E-02 

PV1_7   =  -4.234488198945E-01 

PV1_8   =  -2.339717596827E-01 

PV1_9   =  -1.492605205196E-02 

PV1_10  =   2.484251389993E-02 

PV2_0   =   3.290175000518E-03 

PV2_1   =   9.982239226295E-01 

PV2_2   =   6.190357326307E-02 

PV2_4   =  -4.536979648807E-02 

PV2_5   =   1.153548136460E-01 

PV2_6   =   3.103271848505E-01 

PV2_7   =  -6.180280669475E-02 

PV2_8   =   2.310114180516E-02 

PV2_9   =   3.511126968144E-01 

PV2_10  =   4.837660288415E-01 

FGROUPNO=                    1 

ASTIRMS1=   2.035195569208E-05 

ASTIRMS2=   1.830696122120E-05 

ASTRRMS1=   4.932533311537E-05 

ASTRRMS2=   4.366165867233E-05 

ASTINST =                    2 

FLSCALE =   2.821781680870E-01 

MAGZEROP=          30.00000000 

PHOTIRMS=           0.06433078 

PHOTINST=                    1 

PHOTLINK=                    F 

RZP     =             0.009509 

FLXSCALE=         7.855460E-03 

END



