EQUINOX =        2000.00000000 

RADESYS = 'ICRS    '           

CTYPE1  = 'RA---TAN'           

CTYPE2  = 'DEC--TAN'           

CUNIT1  = 'deg     '           

CUNIT2  = 'deg     '           

CRVAL1  =   2.088965226357E+02 

CRVAL2  =   5.449502612764E+01 

CRPIX1  =  -5.501622911006E+03 

CRPIX2  =  -5.251508820896E+03 

CD1_1   =  -5.144250878465E-05 

CD1_2   =   8.901384084468E-08 

CD2_1   =  -4.769934029572E-07 

CD2_2   =   5.137641584041E-05 

PV1_0   =  -2.349125673264E-03 

PV1_1   =   9.077510315998E-01 

PV1_2   =  -4.700952814643E-02 

PV1_4   =  -3.600015462680E-01 

PV1_5   =  -8.682807774588E-02 

PV1_6   =   6.915044598606E-02 

PV1_7   =  -3.730230202737E-01 

PV1_8   =   2.342606672866E-02 

PV1_9   =   1.060651101923E-01 

PV1_10  =  -2.303222480761E-02 

PV2_0   =  -2.883233214243E-02 

PV2_1   =   9.940561496705E-01 

PV2_2   =  -2.446100906645E-01 

PV2_4   =   4.385353083515E-02 

PV2_5   =  -1.474953595325E-02 

PV2_6   =  -7.187049255957E-01 

PV2_7   =  -8.017893847478E-02 

PV2_8   =  -7.099354875342E-02 

PV2_9   =  -1.339331667832E-01 

PV2_10  =  -7.535876381729E-01 

FGROUPNO=                    1 

ASTIRMS1=   2.035195569208E-05 

ASTIRMS2=   1.830696122120E-05 

ASTRRMS1=   4.932533311537E-05 

ASTRRMS2=   4.366165867233E-05 

ASTINST =                    2 

FLSCALE =   2.821781680870E-01 

MAGZEROP=          30.00000000 

PHOTIRMS=           0.06433078 

PHOTINST=                    1 

PHOTLINK=                    F 

RZP     =             0.009509 

FLXSCALE=         7.855460E-03 

END



