EQUINOX =        2000.00000000 

RADESYS = 'ICRS    '           

CTYPE1  = 'RA---TAN'           

CTYPE2  = 'DEC--TAN'           

CUNIT1  = 'deg     '           

CUNIT2  = 'deg     '           

CRVAL1  =   2.088965226357E+02 

CRVAL2  =   5.449502612764E+01 

CRPIX1  =   1.165659001289E+04 

CRPIX2  =  -1.794869802366E+02 

CD1_1   =  -5.089795309796E-05 

CD1_2   =  -3.383252658178E-07 

CD2_1   =  -1.473468174377E-08 

CD2_2   =   5.157036009620E-05 

PV1_0   =  -1.222197577758E-01 

PV1_1   =   1.642146929561E+00 

PV1_2   =   7.417602814398E-02 

PV1_4   =  -1.121133416046E+00 

PV1_5   =  -2.634780155021E-01 

PV1_6   =  -6.446411299729E-03 

PV1_7   =   6.486862674922E-01 

PV1_8   =   2.469228327412E-01 

PV1_9   =  -2.000990590185E-02 

PV1_10  =   5.847904019098E-03 

PV2_0   =  -1.958899744149E-03 

PV2_1   =   1.023749972842E+00 

PV2_2   =   4.701323248766E-03 

PV2_4   =   4.459292861833E-02 

PV2_5   =  -8.046268309679E-02 

PV2_6   =  -1.841770166388E-03 

PV2_7   =  -9.393898183294E-02 

PV2_8   =  -3.200410767421E-02 

PV2_9   =   6.187084320573E-02 

PV2_10  =   1.412930852862E-05 

FGROUPNO=                    1 

ASTIRMS1=   2.035195569208E-05 

ASTIRMS2=   1.830696122120E-05 

ASTRRMS1=   4.932533311537E-05 

ASTRRMS2=   4.366165867233E-05 

ASTINST =                    2 

FLSCALE =   2.821781680870E-01 

MAGZEROP=          30.00000000 

PHOTIRMS=           0.06433078 

PHOTINST=                    1 

PHOTLINK=                    F 

RZP     =             0.009509 

FLXSCALE=         7.855460E-03 

END



