EQUINOX =        2000.00000000 



RADESYS = 'ICRS    '           



CTYPE1  = 'RA---TAN'           



CTYPE2  = 'DEC--TAN'           



CUNIT1  = 'deg     '           



CUNIT2  = 'deg     '           



CRVAL1  =   2.088965226357E+02 



CRVAL2  =   5.449502612764E+01 



CRPIX1  =  -7.672283369190E+03 



CRPIX2  =  -5.264433402444E+03 



CD1_1   =  -5.117545965032E-05 



CD1_2   =   1.824558003752E-07 



CD2_1   =  -4.980460615283E-07 



CD2_2   =   5.132334325404E-05 



PV1_0   =   2.174433624547E-02 



PV1_1   =   1.134646577242E+00 



PV1_2   =   3.889956548809E-03 



PV1_4   =   2.918917089626E-01 



PV1_5   =   3.645698606615E-02 



PV1_6   =  -6.438094637053E-03 



PV1_7   =   2.010798983866E-01 



PV1_8   =  -6.356391165713E-04 



PV1_9   =  -6.910881326544E-02 



PV1_10  =  -1.284019042810E-02 



PV2_0   =   1.114233590182E-02 



PV2_1   =   1.032445236784E+00 



PV2_2   =   1.224193940644E-01 



PV2_4   =  -5.421806687151E-02 



PV2_5   =  -6.390975292644E-03 



PV2_6   =   2.973825085255E-01 



PV2_7   =   5.379225080341E-02 



PV2_8   =   7.709032943286E-02 



PV2_9   =   3.390728329007E-02 



PV2_10  =   2.454372568948E-01 



FGROUPNO=                    1 



ASTIRMS1=   2.035195569208E-05 



ASTIRMS2=   1.830696122120E-05 



ASTRRMS1=   4.932533311537E-05 



ASTRRMS2=   4.366165867233E-05 



ASTINST =                    2 



FLSCALE =   2.821781680870E-01 



MAGZEROP=          30.00000000 



PHOTIRMS=           0.06433078 



PHOTINST=                    1 



PHOTLINK=                    F 



RZP     =             0.009509 



FLXSCALE=         7.855460E-03 



END







