EQUINOX =        2000.00000000 

RADESYS = 'ICRS    '           

CTYPE1  = 'RA---TAN'           

CTYPE2  = 'DEC--TAN'           

CUNIT1  = 'deg     '           

CUNIT2  = 'deg     '           

CRVAL1  =   2.088965226357E+02 

CRVAL2  =   5.449502612764E+01 

CRPIX1  =  -1.198386033317E+03 

CRPIX2  =  -1.391158363047E+02 

CD1_1   =  -5.193218389118E-05 

CD1_2   =  -1.681576276201E-07 

CD2_1   =  -2.106221972016E-07 

CD2_2   =   5.191118726545E-05 

PV1_0   =   5.509282064435E-04 

PV1_1   =   1.012860826281E+00 

PV1_2   =  -1.772012254135E-03 

PV1_4   =   9.881126747588E-02 

PV1_5   =  -1.499562071094E-02 

PV1_6   =   6.959172559635E-03 

PV1_7   =   2.419428760164E-01 

PV1_8   =  -8.924360871913E-02 

PV1_9   =  -4.545566172313E-02 

PV1_10  =  -2.790658292813E-02 

PV2_0   =  -9.049162093816E-04 

PV2_1   =   1.001184309594E+00 

PV2_2   =  -2.406084893023E-02 

PV2_4   =  -2.987845387452E-03 

PV2_5   =  -1.084071592190E-02 

PV2_6   =  -2.196110623621E-01 

PV2_7   =  -1.492762085134E-02 

PV2_8   =   3.975593613141E-03 

PV2_9   =  -5.113416340895E-02 

PV2_10  =  -6.388428334694E-01 

FGROUPNO=                    1 

ASTIRMS1=   2.035195569208E-05 

ASTIRMS2=   1.830696122120E-05 

ASTRRMS1=   4.932533311537E-05 

ASTRRMS2=   4.366165867233E-05 

ASTINST =                    2 

FLSCALE =   2.821781680870E-01 

MAGZEROP=          30.00000000 

PHOTIRMS=           0.06433078 

PHOTINST=                    1 

PHOTLINK=                    F 

RZP     =             0.009509 

FLXSCALE=         7.855460E-03 

END



