EQUINOX =        2000.00000000 

RADESYS = 'ICRS    '           

CTYPE1  = 'RA---TAN'           

CTYPE2  = 'DEC--TAN'           

CUNIT1  = 'deg     '           

CUNIT2  = 'deg     '           

CRVAL1  =   2.105664444137E+02 

CRVAL2  =   5.449515780822E+01 

CRPIX1  =   9.209254249552E+02 

CRPIX2  =   9.603291123420E+03 

CD1_1   =  -5.180282803420E-05 

CD1_2   =  -2.115715603826E-07 

CD2_1   =  -1.917152029840E-07 

CD2_2   =   5.142696036652E-05 

PV1_0   =   1.314260629138E-03 

PV1_1   =   9.824793393925E-01 

PV1_2   =   1.030862922421E-02 

PV1_4   =   9.928721317750E-02 

PV1_5   =  -9.666480600422E-02 

PV1_6   =   2.647321073924E-02 

PV1_7   =   1.697573321653E+00 

PV1_8   =   1.966514652669E-01 

PV1_9   =  -1.504888224455E-01 

PV1_10  =   2.227586931830E-02 

PV2_0   =   2.021801868812E-03 

PV2_1   =   1.009125407704E+00 

PV2_2   =   4.839471116182E-03 

PV2_4   =   7.147881904440E-04 

PV2_5   =   1.730599473193E-02 

PV2_6   =  -3.973436020569E-03 

PV2_7   =  -1.985442669050E-02 

PV2_8   =   2.138412275858E-02 

PV2_9   =  -1.525717919118E-02 

PV2_10  =  -6.920080868309E-01 

FGROUPNO=                    1 

ASTIRMS1=   2.035195569208E-05 

ASTIRMS2=   1.830696122120E-05 

ASTRRMS1=   4.656634330701E-05 

ASTRRMS2=   4.237111373681E-05 

ASTINST =                    2 

FLSCALE =   2.648132549093E-01 

MAGZEROP=          30.00000000 

PHOTIRMS=           0.06433078 

PHOTINST=                    1 

PHOTLINK=                    F 

RZP     =             0.039742 

FLXSCALE=         7.348566E-03 

END



