EQUINOX =        2000.00000000 















RADESYS = 'ICRS    '           















CTYPE1  = 'RA---TAN'           















CTYPE2  = 'DEC--TAN'           















CUNIT1  = 'deg     '           















CUNIT2  = 'deg     '           















CRVAL1  =   2.105664444137E+02 















CRVAL2  =   5.449515780822E+01 















CRPIX1  =  -5.464465400719E+03 















CRPIX2  =   4.528805497881E+03 















CD1_1   =  -5.156645091519E-05 















CD1_2   =  -3.284082410059E-07 















CD2_1   =  -1.296840601256E-07 















CD2_2   =   5.177185900683E-05 















PV1_0   =   5.794850565220E-02 















PV1_1   =   1.499729276841E+00 















PV1_2   =   1.341227314229E-02 















PV1_4   =   1.438187683093E+00 















PV1_5   =   3.841730465540E-02 















PV1_6   =   1.266747705778E-02 















PV1_7   =   1.382922084509E+00 















PV1_8   =   1.727694696419E-03 















PV1_9   =   5.101476628693E-02 















PV1_10  =  -3.924142879115E-02 















PV2_0   =   2.767163048978E-02 















PV2_1   =   9.995864093884E-01 















PV2_2   =   2.513959757643E-01 















PV2_4   =   4.768947159062E-02 















PV2_5   =  -5.376441248891E-02 















PV2_6   =   7.644032075798E-01 















PV2_7   =   6.958173959555E-02 















PV2_8   =   4.830425684038E-02 















PV2_9   =  -1.203532987879E-01 















PV2_10  =   7.769914405179E-01 















FGROUPNO=                    1 















ASTIRMS1=   2.035195569208E-05 















ASTIRMS2=   1.830696122120E-05 















ASTRRMS1=   4.656634330701E-05 















ASTRRMS2=   4.237111373681E-05 















ASTINST =                    2 















FLSCALE =   2.648132549093E-01 















MAGZEROP=          30.00000000 















PHOTIRMS=           0.06433078 















PHOTINST=                    1 















PHOTLINK=                    F 















RZP     =             0.039742 















FLXSCALE=         7.348566E-03 















END































