EQUINOX =        2000.00000000 

RADESYS = 'ICRS    '           

CTYPE1  = 'RA---TAN'           

CTYPE2  = 'DEC--TAN'           

CUNIT1  = 'deg     '           

CUNIT2  = 'deg     '           

CRVAL1  =   2.088965226357E+02 

CRVAL2  =   5.449502612764E+01 

CRPIX1  =   9.235753943874E+02 

CRPIX2  =   4.522235245656E+03 

CD1_1   =  -5.195403832276E-05 

CD1_2   =  -2.033229430771E-07 

CD2_1   =  -2.178318392293E-07 

CD2_2   =   5.192634245228E-05 

PV1_0   =  -4.171016176908E-05 

PV1_1   =   9.995378361784E-01 

PV1_2   =  -3.341155724643E-03 

PV1_4   =   6.146644109796E-03 

PV1_5   =   1.303205397393E-02 

PV1_6   =  -3.898777338885E-02 

PV1_7   =   1.131748757126E+00 

PV1_8   =   1.622080106008E-01 

PV1_9   =   6.611043485306E-03 

PV1_10  =  -1.212175999746E-01 

PV2_0   =   1.367607626324E-04 

PV2_1   =   1.004245666976E+00 

PV2_2   =  -5.949804783572E-04 

PV2_4   =   4.492332112168E-02 

PV2_5   =  -4.137071409266E-02 

PV2_6   =  -2.947233157842E-02 

PV2_7   =   1.231075211233E-01 

PV2_8   =  -1.667276167879E-01 

PV2_9   =  -5.930838764346E-02 

PV2_10  =  -1.001306969807E+00 

FGROUPNO=                    1 

ASTIRMS1=   2.035195569208E-05 

ASTIRMS2=   1.830696122120E-05 

ASTRRMS1=   4.932533311537E-05 

ASTRRMS2=   4.366165867233E-05 

ASTINST =                    2 

FLSCALE =   2.821781680870E-01 

MAGZEROP=          30.00000000 

PHOTIRMS=           0.06433078 

PHOTINST=                    1 

PHOTLINK=                    F 

RZP     =             0.009509 

FLXSCALE=         7.855460E-03 

END



