EQUINOX =        2000.00000000 

RADESYS = 'ICRS    '           

CTYPE1  = 'RA---TAN'           

CTYPE2  = 'DEC--TAN'           

CUNIT1  = 'deg     '           

CUNIT2  = 'deg     '           

CRVAL1  =   2.105664444137E+02 

CRVAL2  =   5.449515780822E+01 

CRPIX1  =   9.469640542073E+03 

CRPIX2  =   4.546872096043E+03 

CD1_1   =  -5.126700799438E-05 

CD1_2   =  -6.097350591864E-08 

CD2_1   =  -3.379047607478E-07 

CD2_2   =   5.166983572629E-05 

PV1_0   =  -1.515836227785E-02 

PV1_1   =   1.100566581662E+00 

PV1_2   =   3.201359775127E-02 

PV1_4   =  -2.237172411899E-01 

PV1_5   =  -1.696340929113E-01 

PV1_6   =  -1.046291490322E-02 

PV1_7   =   1.669769126962E-01 

PV1_8   =   2.112630602005E-01 

PV1_9   =   1.440764140025E-02 

PV1_10  =   1.315202798825E-02 

PV2_0   =   2.996894321657E-03 

PV2_1   =   1.012752248149E+00 

PV2_2   =  -8.842864827554E-03 

PV2_4   =   2.143122354440E-02 

PV2_5   =  -1.800830737735E-02 

PV2_6   =   1.646835825973E-03 

PV2_7   =   1.805196091958E-02 

PV2_8   =  -1.071176915135E-02 

PV2_9   =  -8.244894849390E-03 

PV2_10  =   7.792577202046E-03 

FGROUPNO=                    1 

ASTIRMS1=   2.035195569208E-05 

ASTIRMS2=   1.830696122120E-05 

ASTRRMS1=   4.656634330701E-05 

ASTRRMS2=   4.237111373681E-05 

ASTINST =                    2 

FLSCALE =   2.648132549093E-01 

MAGZEROP=          30.00000000 

PHOTIRMS=           0.06433078 

PHOTINST=                    1 

PHOTLINK=                    F 

RZP     =             0.039742 

FLXSCALE=         7.348566E-03 

END



