EQUINOX =        2000.00000000 

RADESYS = 'ICRS    '           

CTYPE1  = 'RA---TAN'           

CTYPE2  = 'DEC--TAN'           

CUNIT1  = 'deg     '           

CUNIT2  = 'deg     '           

CRVAL1  =   2.088965226357E+02 

CRVAL2  =   5.449502612764E+01 

CRPIX1  =   3.052726084361E+03 

CRPIX2  =   9.608754357512E+03 

CD1_1   =  -5.175783649298E-05 

CD1_2   =  -1.146361466314E-07 

CD2_1   =  -3.235252782975E-07 

CD2_2   =   5.143302414149E-05 

PV1_0   =  -4.838540332213E-04 

PV1_1   =   1.038845298440E+00 

PV1_2   =   6.645439957900E-03 

PV1_4   =  -1.649947492222E-01 

PV1_5   =   8.973909800875E-02 

PV1_6   =   2.703575315203E-02 

PV1_7   =   2.561873430214E-01 

PV1_8   =  -1.813029113720E-01 

PV1_9   =   4.592809599546E-02 

PV1_10  =   2.372834763603E-02 

PV2_0   =  -7.125461535457E-04 

PV2_1   =   9.819813306174E-01 

PV2_2   =  -6.444587481781E-03 

PV2_4   =  -6.794932781319E-02 

PV2_5   =   5.488867249153E-02 

PV2_6   =   1.444477674332E-01 

PV2_7   =  -7.928781361347E-02 

PV2_8   =   4.654873223673E-02 

PV2_9   =  -9.475707720874E-02 

PV2_10  =  -5.026119928715E-01 

FGROUPNO=                    1 

ASTIRMS1=   2.035195569208E-05 

ASTIRMS2=   1.830696122120E-05 

ASTRRMS1=   4.932533311537E-05 

ASTRRMS2=   4.366165867233E-05 

ASTINST =                    2 

FLSCALE =   2.821781680870E-01 

MAGZEROP=          30.00000000 

PHOTIRMS=           0.06433078 

PHOTINST=                    1 

PHOTLINK=                    F 

RZP     =             0.009509 

FLXSCALE=         7.855460E-03 

END



