EQUINOX =        2000.00000000 

RADESYS = 'ICRS    '           

CTYPE1  = 'RA---TAN'           

CTYPE2  = 'DEC--TAN'           

CUNIT1  = 'deg     '           

CUNIT2  = 'deg     '           

CRVAL1  =   2.088965226357E+02 

CRVAL2  =   5.449502612764E+01 

CRPIX1  =   5.190464094400E+03 

CRPIX2  =   9.610555404725E+03 

CD1_1   =  -5.164413308088E-05 

CD1_2   =  -8.922281792513E-09 

CD2_1   =  -3.684142382253E-07 

CD2_2   =   5.141525785977E-05 

PV1_0   =   1.912549984691E-02 

PV1_1   =   7.857957647847E-01 

PV1_2   =   5.093967810953E-02 

PV1_4   =   9.084510978157E-01 

PV1_5   =  -2.154820967527E-01 

PV1_6   =   9.280051001253E-02 

PV1_7   =  -1.105207027231E+00 

PV1_8   =   7.284422560992E-01 

PV1_9   =   1.132481399833E-01 

PV1_10  =   1.152631102035E-01 

PV2_0   =  -6.201280774874E-03 

PV2_1   =   9.837627802886E-01 

PV2_2   =   8.401397723936E-02 

PV2_4   =  -2.109994596487E-02 

PV2_5   =   1.971117113352E-01 

PV2_6   =  -2.402373735872E-01 

PV2_7   =  -7.723395122365E-02 

PV2_8   =  -1.411978704070E-01 

PV2_9   =  -6.900267816606E-01 

PV2_10  =   1.731059146380E-02 

FGROUPNO=                    1 

ASTIRMS1=   2.035195569208E-05 

ASTIRMS2=   1.830696122120E-05 

ASTRRMS1=   4.932533311537E-05 

ASTRRMS2=   4.366165867233E-05 

ASTINST =                    2 

FLSCALE =   2.821781680870E-01 

MAGZEROP=          30.00000000 

PHOTIRMS=           0.06433078 

PHOTINST=                    1 

PHOTLINK=                    F 

RZP     =             0.009509 

FLXSCALE=         7.855460E-03 

END



