EQUINOX =        2000.00000000 

RADESYS = 'ICRS    '           

CTYPE1  = 'RA---TAN'           

CTYPE2  = 'DEC--TAN'           

CUNIT1  = 'deg     '           

CUNIT2  = 'deg     '           

CRVAL1  =   2.105664444137E+02 

CRVAL2  =   5.449515780822E+01 

CRPIX1  =   1.166201174993E+04 

CRPIX2  =   4.555697449725E+03 

CD1_1   =  -5.086769662404E-05 

CD1_2   =  -3.242991018572E-09 

CD2_1   =  -3.571286338587E-07 

CD2_2   =   5.154309994828E-05 

PV1_0   =   5.621180243682E-02 

PV1_1   =   6.893114832245E-01 

PV1_2   =   8.557831136316E-02 

PV1_4   =   5.705184740670E-01 

PV1_5   =  -3.082965960777E-01 

PV1_6   =   4.227530955466E-02 

PV1_7   =  -3.485316297891E-01 

PV1_8   =   2.653291321885E-01 

PV1_9   =  -1.090672855526E-01 

PV1_10  =  -1.444547148328E-02 

PV2_0   =   1.009262967365E-01 

PV2_1   =   1.108633989600E+00 

PV2_2   =  -5.449552400277E-01 

PV2_4   =   8.314609510203E-02 

PV2_5   =  -3.416933466088E-01 

PV2_6   =   9.864523558610E-01 

PV2_7   =   1.341367330873E-02 

PV2_8   =  -1.329655325633E-01 

PV2_9   =   2.664855597689E-01 

PV2_10  =  -5.985714444905E-01 

FGROUPNO=                    1 

ASTIRMS1=   2.035195569208E-05 

ASTIRMS2=   1.830696122120E-05 

ASTRRMS1=   4.656634330701E-05 

ASTRRMS2=   4.237111373681E-05 

ASTINST =                    2 

FLSCALE =   2.648132549093E-01 

MAGZEROP=          30.00000000 

PHOTIRMS=           0.06433078 

PHOTINST=                    1 

PHOTLINK=                    F 

RZP     =             0.039742 

FLXSCALE=         7.348566E-03 

END



