EQUINOX =        2000.00000000 

RADESYS = 'ICRS    '           

CTYPE1  = 'RA---TAN'           

CTYPE2  = 'DEC--TAN'           

CUNIT1  = 'deg     '           

CUNIT2  = 'deg     '           

CRVAL1  =   2.088965226357E+02 

CRVAL2  =   5.449502612764E+01 

CRPIX1  =  -9.807994049768E+03 

CRPIX2  =   4.550328441542E+03 

CD1_1   =  -5.092036857527E-05 

CD1_2   =  -3.492465832780E-07 

CD2_1   =  -4.833527672362E-08 

CD2_2   =   5.157287983775E-05 

PV1_0   =   1.590858839711E-01 

PV1_1   =   1.841080464464E+00 

PV1_2   =   4.951342370494E-02 

PV1_4   =   1.480220833467E+00 

PV1_5   =   1.637637703374E-01 

PV1_6   =   1.275403228149E-02 

PV1_7   =   8.662176671936E-01 

PV1_8   =   1.435107176790E-01 

PV1_9   =  -2.598423245936E-03 

PV1_10  =  -1.546232132427E-04 

PV2_0   =   3.933067090140E-02 

PV2_1   =   1.056974649336E+00 

PV2_2   =   1.939487816920E-01 

PV2_4   =  -2.504369736809E-02 

PV2_5   =   1.894933268278E-01 

PV2_6   =   3.179345594780E-01 

PV2_7   =   2.300516007973E-02 

PV2_8   =  -7.721490883271E-02 

PV2_9   =   1.646360252715E-01 

PV2_10  =   1.730064918484E-01 

FGROUPNO=                    1 

ASTIRMS1=   2.035195569208E-05 

ASTIRMS2=   1.830696122120E-05 

ASTRRMS1=   4.932533311537E-05 

ASTRRMS2=   4.366165867233E-05 

ASTINST =                    2 

FLSCALE =   2.821781680870E-01 

MAGZEROP=          30.00000000 

PHOTIRMS=           0.06433078 

PHOTINST=                    1 

PHOTLINK=                    F 

RZP     =             0.009509 

FLXSCALE=         7.855460E-03 

END



