EQUINOX =        2000.00000000 

RADESYS = 'ICRS    '           

CTYPE1  = 'RA---TAN'           

CTYPE2  = 'DEC--TAN'           

CUNIT1  = 'deg     '           

CUNIT2  = 'deg     '           

CRVAL1  =   2.105664444137E+02 

CRVAL2  =   5.449515780822E+01 

CRPIX1  =  -3.348346382322E+03 

CRPIX2  =   9.612743843815E+03 

CD1_1   =  -5.162735174528E-05 

CD1_2   =  -4.037485365153E-07 

CD2_1   =  -5.323339606161E-08 

CD2_2   =   5.138400035321E-05 

PV1_0   =   2.055979685513E-03 

PV1_1   =   9.846136257643E-01 

PV1_2   =   2.330584119807E-02 

PV1_4   =  -8.386326323557E-02 

PV1_5   =   1.873995241844E-04 

PV1_6   =   5.864583134377E-02 

PV1_7   =  -1.706376050988E-01 

PV1_8   =   6.564437200851E-02 

PV1_9   =  -5.113752257969E-02 

PV1_10  =   5.936398977479E-02 

PV2_0   =   8.399743692447E-03 

PV2_1   =   1.031982697173E+00 

PV2_2   =   4.423417218891E-02 

PV2_4   =  -5.411879836315E-03 

PV2_5   =   2.148210698380E-01 

PV2_6   =   6.972912416855E-03 

PV2_7   =  -4.267708985011E-02 

PV2_8   =   8.482509193316E-02 

PV2_9   =   3.148358059104E-01 

PV2_10  =  -1.744415288684E-01 

FGROUPNO=                    1 

ASTIRMS1=   2.035195569208E-05 

ASTIRMS2=   1.830696122120E-05 

ASTRRMS1=   4.656634330701E-05 

ASTRRMS2=   4.237111373681E-05 

ASTINST =                    2 

FLSCALE =   2.648132549093E-01 

MAGZEROP=          30.00000000 

PHOTIRMS=           0.06433078 

PHOTINST=                    1 

PHOTLINK=                    F 

RZP     =             0.039742 

FLXSCALE=         7.348566E-03 

END



