EQUINOX =        2000.00000000 

RADESYS = 'ICRS    '           

CTYPE1  = 'RA---TAN'           

CTYPE2  = 'DEC--TAN'           

CUNIT1  = 'deg     '           

CUNIT2  = 'deg     '           

CRVAL1  =   2.105664444137E+02 

CRVAL2  =   5.449515780822E+01 

CRPIX1  =  -7.627386596313E+03 

CRPIX2  =  -1.495671937837E+02 

CD1_1   =  -5.128588910176E-05 

CD1_2   =  -2.190585488347E-08 

CD2_1   =  -2.520219128388E-07 

CD2_2   =   5.169310117630E-05 

PV1_0   =   4.659435109268E-02 

PV1_1   =   1.303303364640E+00 

PV1_2   =  -5.605763174868E-03 

PV1_4   =   6.492383418185E-01 

PV1_5   =  -6.101765781661E-02 

PV1_6   =  -7.320967015697E-02 

PV1_7   =   4.563512803180E-01 

PV1_8   =  -1.193565640659E-01 

PV1_9   =  -1.884913134879E-01 

PV1_10  =  -1.484797170180E-02 

PV2_0   =   4.172839031567E-02 

PV2_1   =   1.014506808200E+00 

PV2_2   =   2.863350131067E-01 

PV2_4   =  -5.482977098463E-02 

PV2_5   =  -3.688362152088E-03 

PV2_6   =   6.401652261868E-01 

PV2_7   =  -1.191373930028E-01 

PV2_8   =  -2.119851329500E-01 

PV2_9   =  -9.750675707730E-02 

PV2_10  =   4.661482049943E-01 

FGROUPNO=                    1 

ASTIRMS1=   2.035195569208E-05 

ASTIRMS2=   1.830696122120E-05 

ASTRRMS1=   4.656634330701E-05 

ASTRRMS2=   4.237111373681E-05 

ASTINST =                    2 

FLSCALE =   2.648132549093E-01 

MAGZEROP=          30.00000000 

PHOTIRMS=           0.06433078 

PHOTINST=                    1 

PHOTLINK=                    F 

RZP     =             0.039742 

FLXSCALE=         7.348566E-03 

END



