EQUINOX =        2000.00000000 

RADESYS = 'ICRS    '           

CTYPE1  = 'RA---TAN'           

CTYPE2  = 'DEC--TAN'           

CUNIT1  = 'deg     '           

CUNIT2  = 'deg     '           

CRVAL1  =   2.105664444137E+02 

CRVAL2  =   5.449515780822E+01 

CRPIX1  =  -1.208142480940E+03 

CRPIX2  =  -5.224976589739E+03 

CD1_1   =  -5.175535892277E-05 

CD1_2   =  -1.148093781368E-07 

CD2_1   =  -2.935601252869E-07 

CD2_2   =   5.144367179321E-05 

PV1_0   =   4.860935497724E-03 

PV1_1   =   1.009410961006E+00 

PV1_2   =  -3.460177551386E-02 

PV1_4   =   3.157944165143E-02 

PV1_5   =  -3.827265726505E-03 

PV1_6   =   8.813500019754E-02 

PV1_7   =  -4.977344118867E-02 

PV1_8   =  -8.935972615610E-02 

PV1_9   =  -3.967273655866E-02 

PV1_10  =  -7.920144211682E-02 

PV2_0   =  -4.017786583377E-03 

PV2_1   =   1.015599570566E+00 

PV2_2   =  -1.930557455829E-02 

PV2_4   =  -8.661527212224E-03 

PV2_5   =   3.066847961767E-02 

PV2_6   =  -9.435971040616E-02 

PV2_7   =  -1.449401772900E-02 

PV2_8   =  -1.223475808632E-03 

PV2_9   =   1.047832667016E-01 

PV2_10  =  -1.038374647038E-01 

FGROUPNO=                    1 

ASTIRMS1=   2.035195569208E-05 

ASTIRMS2=   1.830696122120E-05 

ASTRRMS1=   4.656634330701E-05 

ASTRRMS2=   4.237111373681E-05 

ASTINST =                    2 

FLSCALE =   2.648132549093E-01 

MAGZEROP=          30.00000000 

PHOTIRMS=           0.06433078 

PHOTINST=                    1 

PHOTLINK=                    F 

RZP     =             0.039742 

FLXSCALE=         7.348566E-03 

END



