EQUINOX =        2000.00000000 

RADESYS = 'ICRS    '           

CTYPE1  = 'RA---TAN'           

CTYPE2  = 'DEC--TAN'           

CUNIT1  = 'deg     '           

CUNIT2  = 'deg     '           

CRVAL1  =   2.105664444137E+02 

CRVAL2  =   5.449515780822E+01 

CRPIX1  =  -7.662851659325E+03 

CRPIX2  =   9.657174098945E+03 

CD1_1   =  -5.115982803456E-05 

CD1_2   =  -5.280548282853E-07 

CD2_1   =   1.690319558562E-07 

CD2_2   =   5.124850124577E-05 

PV1_0   =   9.366054753572E-03 

PV1_1   =   9.856739519096E-01 

PV1_2   =   6.567106284210E-02 

PV1_4   =  -1.702838235146E-01 

PV1_5   =   2.296924127974E-01 

PV1_6   =   1.895964910738E-02 

PV1_7   =  -2.129996839763E-01 

PV1_8   =   2.115946121354E-01 

PV1_9   =   2.779064619438E-02 

PV1_10  =  -3.812639362673E-03 

PV2_0   =   4.206696399433E-02 

PV2_1   =   1.011320288142E+00 

PV2_2   =   2.647615230242E-01 

PV2_4   =  -9.012893216815E-02 

PV2_5   =   1.456882026598E-01 

PV2_6   =   5.278288551017E-01 

PV2_7   =  -6.442839171582E-02 

PV2_8   =  -9.757683094102E-02 

PV2_9   =   2.260704245569E-01 

PV2_10  =   3.304086464084E-01 

FGROUPNO=                    1 

ASTIRMS1=   2.035195569208E-05 

ASTIRMS2=   1.830696122120E-05 

ASTRRMS1=   4.656634330701E-05 

ASTRRMS2=   4.237111373681E-05 

ASTINST =                    2 

FLSCALE =   2.648132549093E-01 

MAGZEROP=          30.00000000 

PHOTIRMS=           0.06433078 

PHOTINST=                    1 

PHOTLINK=                    F 

RZP     =             0.039742 

FLXSCALE=         7.348566E-03 

END



