EQUINOX =        2000.00000000 

RADESYS = 'ICRS    '           

CTYPE1  = 'RA---TAN'           

CTYPE2  = 'DEC--TAN'           

CUNIT1  = 'deg     '           

CUNIT2  = 'deg     '           

CRVAL1  =   2.088965226357E+02 

CRVAL2  =   5.449502612764E+01 

CRPIX1  =   3.041356499898E+03 

CRPIX2  =   4.523103930809E+03 

CD1_1   =  -5.191777659389E-05 

CD1_2   =  -1.535839110535E-07 

CD2_1   =  -2.228028291122E-07 

CD2_2   =   5.191081614762E-05 

PV1_0   =   6.506286606115E-04 

PV1_1   =   9.812193144358E-01 

PV1_2   =  -3.384917366476E-04 

PV1_4   =   1.657951054393E-01 

PV1_5   =   1.528642165629E-02 

PV1_6   =   7.077984208086E-03 

PV1_7   =  -4.887103607036E-01 

PV1_8   =  -1.882383663423E-01 

PV1_9   =  -1.483291386009E-01 

PV1_10  =  -2.834995857108E-02 

PV2_0   =  -6.013529949693E-06 

PV2_1   =   1.002094206737E+00 

PV2_2   =   2.568911104613E-03 

PV2_4   =   2.967004600650E-02 

PV2_5   =   3.677595589467E-02 

PV2_6   =  -8.539275260579E-03 

PV2_7   =   6.603877714271E-02 

PV2_8   =   8.311625953070E-03 

PV2_9   =  -1.937439647060E-01 

PV2_10  =  -3.328254729551E-02 

FGROUPNO=                    1 

ASTIRMS1=   2.035195569208E-05 

ASTIRMS2=   1.830696122120E-05 

ASTRRMS1=   4.932533311537E-05 

ASTRRMS2=   4.366165867233E-05 

ASTINST =                    2 

FLSCALE =   2.821781680870E-01 

MAGZEROP=          30.00000000 

PHOTIRMS=           0.06433078 

PHOTINST=                    1 

PHOTLINK=                    F 

RZP     =             0.009509 

FLXSCALE=         7.855460E-03 

END



