EQUINOX =        2000.00000000 

RADESYS = 'ICRS    '           

CTYPE1  = 'RA---TAN'           

CTYPE2  = 'DEC--TAN'           

CUNIT1  = 'deg     '           

CUNIT2  = 'deg     '           

CRVAL1  =   2.105664444137E+02 

CRVAL2  =   5.449515780822E+01 

CRPIX1  =   9.183894631736E+02 

CRPIX2  =  -5.221182200802E+03 

CD1_1   =  -5.179474275246E-05 

CD1_2   =  -1.793804806594E-07 

CD2_1   =  -1.804239261936E-07 

CD2_2   =   5.146398661671E-05 

PV1_0   =  -2.538172142552E-03 

PV1_1   =   1.021131618094E+00 

PV1_2   =   1.810924744677E-02 

PV1_4   =   4.965081052853E-02 

PV1_5   =  -7.848426831530E-02 

PV1_6   =  -4.161269383247E-02 

PV1_7   =  -3.507613934275E-01 

PV1_8   =  -1.647742194515E-01 

PV1_9   =   6.891081348568E-02 

PV1_10  =   3.050862575466E-02 

PV2_0   =  -1.554761791006E-03 

PV2_1   =   1.005005011904E+00 

PV2_2   =   9.728195279867E-03 

PV2_4   =   8.148811051658E-03 

PV2_5   =  -4.499915355965E-02 

PV2_6   =   2.927720663340E-02 

PV2_7   =  -2.462887621098E-02 

PV2_8   =   4.805111026382E-02 

PV2_9   =  -3.804147351483E-02 

PV2_10  =   4.243062089039E-01 

FGROUPNO=                    1 

ASTIRMS1=   2.035195569208E-05 

ASTIRMS2=   1.830696122120E-05 

ASTRRMS1=   4.656634330701E-05 

ASTRRMS2=   4.237111373681E-05 

ASTINST =                    2 

FLSCALE =   2.648132549093E-01 

MAGZEROP=          30.00000000 

PHOTIRMS=           0.06433078 

PHOTINST=                    1 

PHOTLINK=                    F 

RZP     =             0.039742 

FLXSCALE=         7.348566E-03 

END



