EQUINOX =        2000.00000000 

RADESYS = 'ICRS    '           

CTYPE1  = 'RA---TAN'           

CTYPE2  = 'DEC--TAN'           

CUNIT1  = 'deg     '           

CUNIT2  = 'deg     '           

CRVAL1  =   2.088965226357E+02 

CRVAL2  =   5.449502612764E+01 

CRPIX1  =  -3.323002698477E+03 

CRPIX2  =   4.525531222410E+03 

CD1_1   =  -5.178896558496E-05 

CD1_2   =  -2.658967241203E-07 

CD2_1   =  -1.420982707540E-07 

CD2_2   =   5.186694628995E-05 

PV1_0   =  -4.846611384050E-03 

PV1_1   =   9.290475217812E-01 

PV1_2   =   5.454131722577E-03 

PV1_4   =  -3.398583138935E-01 

PV1_5   =   4.315850939401E-02 

PV1_6   =   9.481513832062E-03 

PV1_7   =  -5.394064342269E-01 

PV1_8   =   1.213071011041E-01 

PV1_9   =  -3.945223205905E-02 

PV1_10  =   4.208302556932E-02 

PV2_0   =  -3.750099739546E-03 

PV2_1   =   9.903096749482E-01 

PV2_2   =  -4.547581369711E-02 

PV2_4   =  -3.269192245911E-02 

PV2_5   =  -8.302759879479E-02 

PV2_6   =  -1.725069970775E-01 

PV2_7   =  -1.101921601507E-01 

PV2_8   =  -9.088127036158E-03 

PV2_9   =  -2.078447220782E-01 

PV2_10  =  -2.007752139529E-01 

FGROUPNO=                    1 

ASTIRMS1=   2.035195569208E-05 

ASTIRMS2=   1.830696122120E-05 

ASTRRMS1=   4.932533311537E-05 

ASTRRMS2=   4.366165867233E-05 

ASTINST =                    2 

FLSCALE =   2.821781680870E-01 

MAGZEROP=          30.00000000 

PHOTIRMS=           0.06433078 

PHOTINST=                    1 

PHOTLINK=                    F 

RZP     =             0.009509 

FLXSCALE=         7.855460E-03 

END



