EQUINOX =        2000.00000000 

RADESYS = 'ICRS    '           

CTYPE1  = 'RA---TAN'           

CTYPE2  = 'DEC--TAN'           

CUNIT1  = 'deg     '           

CUNIT2  = 'deg     '           

CRVAL1  =   2.105664444137E+02 

CRVAL2  =   5.449515780822E+01 

CRPIX1  =   3.051586342315E+03 

CRPIX2  =  -5.223633053566E+03 

CD1_1   =  -5.176035026879E-05 

CD1_2   =  -2.882343283411E-07 

CD2_1   =  -1.462553875280E-07 

CD2_2   =   5.145341800776E-05 

PV1_0   =  -2.391683265346E-03 

PV1_1   =   9.763963261451E-01 

PV1_2   =   2.036233800276E-02 

PV1_4   =   3.176185091669E-01 

PV1_5   =  -8.229875739776E-03 

PV1_6   =  -4.441641551577E-02 

PV1_7   =  -1.443429425906E+00 

PV1_8   =   2.894685560084E-01 

PV1_9   =  -8.920092178852E-02 

PV1_10  =   4.039969087175E-02 

PV2_0   =  -4.375788942155E-03 

PV2_1   =   1.023190241660E+00 

PV2_2   =   1.352714332234E-02 

PV2_4   =  -3.825133886223E-02 

PV2_5   =   8.474765288473E-03 

PV2_6   =  -1.428924095446E-01 

PV2_7   =   1.786644897412E-02 

PV2_8   =  -3.919551678313E-02 

PV2_9   =   5.905579069565E-02 

PV2_10  =   4.009307496509E-01 

FGROUPNO=                    1 

ASTIRMS1=   2.035195569208E-05 

ASTIRMS2=   1.830696122120E-05 

ASTRRMS1=   4.656634330701E-05 

ASTRRMS2=   4.237111373681E-05 

ASTINST =                    2 

FLSCALE =   2.648132549093E-01 

MAGZEROP=          30.00000000 

PHOTIRMS=           0.06433078 

PHOTINST=                    1 

PHOTLINK=                    F 

RZP     =             0.039742 

FLXSCALE=         7.348566E-03 

END



