EQUINOX =        2000.00000000 

RADESYS = 'ICRS    '           

CTYPE1  = 'RA---TAN'           

CTYPE2  = 'DEC--TAN'           

CUNIT1  = 'deg     '           

CUNIT2  = 'deg     '           

CRVAL1  =   2.088965226357E+02 

CRVAL2  =   5.449502612764E+01 

CRPIX1  =   7.307205467817E+03 

CRPIX2  =   4.535512091622E+03 

CD1_1   =  -5.158477708095E-05 

CD1_2   =  -1.212919351272E-07 

CD2_1   =  -3.182132267866E-07 

CD2_2   =   5.179229724957E-05 

PV1_0   =   7.335866407123E-03 

PV1_1   =   9.163396942344E-01 

PV1_2   =  -1.976306325150E-02 

PV1_4   =   3.016312630547E-01 

PV1_5   =   1.003019776612E-01 

PV1_6   =  -1.455990621060E-02 

PV1_7   =  -3.510403351725E-01 

PV1_8   =  -1.298390976438E-01 

PV1_9   =   4.309527261613E-02 

PV1_10  =   1.464043146135E-02 

PV2_0   =   5.044262879938E-03 

PV2_1   =   1.014121591816E+00 

PV2_2   =  -3.850346386051E-02 

PV2_4   =  -1.651667997389E-02 

PV2_5   =  -7.273135127277E-02 

PV2_6   =   1.003880025154E-01 

PV2_7   =  -1.092080226309E-01 

PV2_8   =  -3.579094581833E-02 

PV2_9   =   7.762959318189E-02 

PV2_10  =  -8.956084773987E-02 

FGROUPNO=                    1 

ASTIRMS1=   2.035195569208E-05 

ASTIRMS2=   1.830696122120E-05 

ASTRRMS1=   4.932533311537E-05 

ASTRRMS2=   4.366165867233E-05 

ASTINST =                    2 

FLSCALE =   2.821781680870E-01 

MAGZEROP=          30.00000000 

PHOTIRMS=           0.06433078 

PHOTINST=                    1 

PHOTLINK=                    F 

RZP     =             0.009509 

FLXSCALE=         7.855460E-03 

END



