EQUINOX =        2000.00000000 

RADESYS = 'ICRS    '           

CTYPE1  = 'RA---TAN'           

CTYPE2  = 'DEC--TAN'           

CUNIT1  = 'deg     '           

CUNIT2  = 'deg     '           

CRVAL1  =   2.105664444137E+02 

CRVAL2  =   5.449515780822E+01 

CRPIX1  =   9.466168854205E+03 

CRPIX2  =  -1.600593545668E+02 

CD1_1   =  -5.127104410109E-05 

CD1_2   =  -3.066117378915E-07 

CD2_1   =  -7.260128492616E-08 

CD2_2   =   5.168871769781E-05 

PV1_0   =   3.920581979542E-02 

PV1_1   =   7.043501139189E-01 

PV1_2   =   1.721687411265E-02 

PV1_4   =   7.365158078442E-01 

PV1_5   =  -7.384164809742E-02 

PV1_6   =   3.986702844395E-03 

PV1_7   =  -6.079744875000E-01 

PV1_8   =   9.959485160296E-02 

PV1_9   =  -5.456890140003E-02 

PV1_10  =   1.623441414194E-02 

PV2_0   =   9.246299702026E-03 

PV2_1   =   9.680768507249E-01 

PV2_2   =  -5.981600484037E-02 

PV2_4   =  -6.402322823593E-03 

PV2_5   =   1.804755100004E-01 

PV2_6   =   1.197523943665E-01 

PV2_7   =  -5.762628789127E-02 

PV2_8   =   4.083609460642E-02 

PV2_9   =  -2.417412441597E-01 

PV2_10  =  -7.253968243164E-02 

FGROUPNO=                    1 

ASTIRMS1=   2.035195569208E-05 

ASTIRMS2=   1.830696122120E-05 

ASTRRMS1=   4.656634330701E-05 

ASTRRMS2=   4.237111373681E-05 

ASTINST =                    2 

FLSCALE =   2.648132549093E-01 

MAGZEROP=          30.00000000 

PHOTIRMS=           0.06433078 

PHOTINST=                    1 

PHOTLINK=                    F 

RZP     =             0.039742 

FLXSCALE=         7.348566E-03 

END



