EQUINOX =        2000.00000000 































RADESYS = 'ICRS    '           































CTYPE1  = 'RA---TAN'           































CTYPE2  = 'DEC--TAN'           































CUNIT1  = 'deg     '           































CUNIT2  = 'deg     '           































CRVAL1  =   2.088965226357E+02 































CRVAL2  =   5.449502612764E+01 































CRPIX1  =  -1.199831681565E+03 































CRPIX2  =   4.521222925076E+03 































CD1_1   =  -5.192524279905E-05 































CD1_2   =  -2.770142395225E-07 































CD2_1   =  -2.027220430446E-07 































CD2_2   =   5.189779105035E-05 































PV1_0   =  -1.962207730187E-03 































PV1_1   =   9.511512976562E-01 































PV1_2   =  -4.882913182257E-03 































PV1_4   =  -3.609200753186E-01 































PV1_5   =  -1.189034235766E-01 































PV1_6   =   5.896016758908E-03 































PV1_7   =  -7.271040993154E-01 































PV1_8   =  -8.003031164623E-01 































PV1_9   =   2.000461450645E-01 































PV1_10  =  -4.441908900452E-02 































PV2_0   =   1.412268357253E-03 































PV2_1   =   1.007583177153E+00 































PV2_2   =   2.631110974452E-02 































PV2_4   =   1.595004165093E-03 































PV2_5   =   1.012154276944E-01 































PV2_6   =   1.573540262560E-01 































PV2_7   =  -2.084601338263E-02 































PV2_8   =  -2.380589601017E-02 































PV2_9   =   4.480962082595E-01 































PV2_10  =   2.586020789970E-01 































FGROUPNO=                    1 































ASTIRMS1=   2.035195569208E-05 































ASTIRMS2=   1.830696122120E-05 































ASTRRMS1=   4.932533311537E-05 































ASTRRMS2=   4.366165867233E-05 































ASTINST =                    2 































FLSCALE =   2.821781680870E-01 































MAGZEROP=          30.00000000 































PHOTIRMS=           0.06433078 































PHOTINST=                    1 































PHOTLINK=                    F 































RZP     =             0.009509 































FLXSCALE=         7.855460E-03 































END































































