EQUINOX =        2000.00000000 

RADESYS = 'ICRS    '           

CTYPE1  = 'RA---TAN'           

CTYPE2  = 'DEC--TAN'           

CUNIT1  = 'deg     '           

CUNIT2  = 'deg     '           

CRVAL1  =   2.105664444137E+02 

CRVAL2  =   5.449515780822E+01 

CRPIX1  =  -7.626144161699E+03 

CRPIX2  =   4.543325765877E+03 

CD1_1   =  -5.125252286711E-05 

CD1_2   =  -3.206499518061E-07 

CD2_1   =  -6.520678282805E-08 

CD2_2   =   5.165925049607E-05 

PV1_0   =  -2.671570159512E-02 

PV1_1   =   8.236594576743E-01 

PV1_2   =  -4.140354595631E-03 

PV1_4   =  -3.835762163410E-01 

PV1_5   =  -4.670652084578E-02 

PV1_6   =   3.457527387456E-02 

PV1_7   =  -2.745864086966E-01 

PV1_8   =  -7.389010624903E-02 

PV1_9   =   5.314174257800E-02 

PV1_10  =   7.617882158226E-03 

PV2_0   =   8.471242251567E-02 

PV2_1   =   9.950527265587E-01 

PV2_2   =   5.670487190431E-01 

PV2_4   =  -6.217647923733E-02 

PV2_5   =  -2.310692251757E-02 

PV2_6   =   1.267799692392E+00 

PV2_7   =  -1.690853961354E-02 

PV2_8   =  -1.428924460927E-01 

PV2_9   =  -1.882110612323E-02 

PV2_10  =   9.466732630222E-01 

FGROUPNO=                    1 

ASTIRMS1=   2.035195569208E-05 

ASTIRMS2=   1.830696122120E-05 

ASTRRMS1=   4.656634330701E-05 

ASTRRMS2=   4.237111373681E-05 

ASTINST =                    2 

FLSCALE =   2.648132549093E-01 

MAGZEROP=          30.00000000 

PHOTIRMS=           0.06433078 

PHOTINST=                    1 

PHOTLINK=                    F 

RZP     =             0.039742 

FLXSCALE=         7.348566E-03 

END



