EQUINOX =        2000.00000000 

RADESYS = 'ICRS    '           

CTYPE1  = 'RA---TAN'           

CTYPE2  = 'DEC--TAN'           

CUNIT1  = 'deg     '           

CUNIT2  = 'deg     '           

CRVAL1  =   2.105664444137E+02 

CRVAL2  =   5.449515780822E+01 

CRPIX1  =  -1.199831681565E+03 

CRPIX2  =   4.521222925076E+03 

CD1_1   =  -5.191009311447E-05 

CD1_2   =  -2.744657173240E-07 

CD2_1   =  -2.002618340028E-07 

CD2_2   =   5.188253719726E-05 

PV1_0   =  -1.970417365859E-03 

PV1_1   =   9.514415548220E-01 

PV1_2   =  -4.871688064455E-03 

PV1_4   =  -3.609200753186E-01 

PV1_5   =  -1.189034235766E-01 

PV1_6   =   5.896016758908E-03 

PV1_7   =  -7.271040993154E-01 

PV1_8   =  -8.003031164623E-01 

PV1_9   =   2.000461450645E-01 

PV1_10  =  -4.441908900452E-02 

PV2_0   =   1.352286936749E-03 

PV2_1   =   1.007885008322E+00 

PV2_2   =   2.630749459098E-02 

PV2_4   =   1.595004165093E-03 

PV2_5   =   1.012154276944E-01 

PV2_6   =   1.573540262560E-01 

PV2_7   =  -2.084601338263E-02 

PV2_8   =  -2.380589601017E-02 

PV2_9   =   4.480962082595E-01 

PV2_10  =   2.586020789970E-01 

FGROUPNO=                    1 

ASTIRMS1=   2.035195569208E-05 

ASTIRMS2=   1.830696122120E-05 

ASTRRMS1=   4.656634330701E-05 

ASTRRMS2=   4.237111373681E-05 

ASTINST =                    2 

FLSCALE =   2.648132549093E-01 

MAGZEROP=          30.00000000 

PHOTIRMS=           0.06433078 

PHOTINST=                    1 

PHOTLINK=                    F 

RZP     =             0.039742 

FLXSCALE=         7.348566E-03 

END



