EQUINOX =        2000.00000000 



RADESYS = 'ICRS    '           



CTYPE1  = 'RA---TAN'           



CTYPE2  = 'DEC--TAN'           



CUNIT1  = 'deg     '           



CUNIT2  = 'deg     '           



CRVAL1  =   2.088965226357E+02 



CRVAL2  =   5.449502612764E+01 



CRPIX1  =  -5.465929976838E+03 



CRPIX2  =  -1.518113104683E+02 



CD1_1   =  -5.158164915908E-05 



CD1_2   =  -1.005861692869E-07 



CD2_1   =  -2.722395082322E-07 



CD2_2   =   5.180520181527E-05 



PV1_0   =  -5.214671504152E-04 



PV1_1   =   9.848375306927E-01 



PV1_2   =   1.106890494531E-02 



PV1_4   =  -7.030481309659E-02 



PV1_5   =   8.142606009070E-02 



PV1_6   =   1.306389158123E-03 



PV1_7   =  -9.176020004807E-02 



PV1_8   =   1.173379145353E-01 



PV1_9   =  -4.689657644507E-02 



PV1_10  =  -2.570717015572E-02 



PV2_0   =  -1.273616844291E-02 



PV2_1   =   1.022069282955E+00 



PV2_2   =  -1.065316043831E-01 



PV2_4   =  -1.534312429157E-02 



PV2_5   =   1.088385199306E-01 



PV2_6   =  -3.005039165055E-01 



PV2_7   =  -2.559418280698E-02 



PV2_8   =  -5.892389992825E-02 



PV2_9   =   1.300563143983E-01 



PV2_10  =  -2.855801557035E-01 



FGROUPNO=                    1 



ASTIRMS1=   2.035195569208E-05 



ASTIRMS2=   1.830696122120E-05 



ASTRRMS1=   4.932533311537E-05 



ASTRRMS2=   4.366165867233E-05 



ASTINST =                    2 



FLSCALE =   2.821781680870E-01 



MAGZEROP=          30.00000000 



PHOTIRMS=           0.06433078 



PHOTINST=                    1 



PHOTLINK=                    F 



RZP     =             0.009509 



FLXSCALE=         7.855460E-03 



END







