EQUINOX =        2000.00000000 

RADESYS = 'ICRS    '           

CTYPE1  = 'RA---TAN'           

CTYPE2  = 'DEC--TAN'           

CUNIT1  = 'deg     '           

CUNIT2  = 'deg     '           

CRVAL1  =   2.088965226357E+02 

CRVAL2  =   5.449502612764E+01 

CRPIX1  =  -3.325674009988E+03 

CRPIX2  =  -1.438655148233E+02 

CD1_1   =  -5.178665514922E-05 

CD1_2   =  -1.472952760052E-07 

CD2_1   =  -2.402623085298E-07 

CD2_2   =   5.188117350889E-05 

PV1_0   =  -3.991930605179E-03 

PV1_1   =   9.444833798059E-01 

PV1_2   =   2.634903460457E-03 

PV1_4   =  -2.476982848245E-01 

PV1_5   =   4.124066217855E-02 

PV1_6   =   5.243622448043E-03 

PV1_7   =  -3.629804363746E-01 

PV1_8   =   9.824951460727E-02 

PV1_9   =  -7.441753382971E-03 

PV1_10  =  -3.487121018054E-03 

PV2_0   =   4.043170176002E-03 

PV2_1   =   9.971815553690E-01 

PV2_2   =   5.171761017033E-02 

PV2_4   =  -2.533314210270E-02 

PV2_5   =  -7.289092397485E-02 

PV2_6   =   2.037131397698E-01 

PV2_7   =  -2.401510247152E-02 

PV2_8   =  -1.163516989979E-01 

PV2_9   =  -2.473610604237E-01 

PV2_10  =   2.441933233496E-01 

FGROUPNO=                    1 

ASTIRMS1=   2.035195569208E-05 

ASTIRMS2=   1.830696122120E-05 

ASTRRMS1=   4.932533311537E-05 

ASTRRMS2=   4.366165867233E-05 

ASTINST =                    2 

FLSCALE =   2.821781680870E-01 

MAGZEROP=          30.00000000 

PHOTIRMS=           0.06433078 

PHOTINST=                    1 

PHOTLINK=                    F 

RZP     =             0.009509 

FLXSCALE=         7.855460E-03 

END



