EQUINOX =        2000.00000000 

RADESYS = 'ICRS    '           

CTYPE1  = 'RA---TAN'           

CTYPE2  = 'DEC--TAN'           

CUNIT1  = 'deg     '           

CUNIT2  = 'deg     '           

CRVAL1  =   2.105664444137E+02 

CRVAL2  =   5.449515780822E+01 

CRPIX1  =   9.503029088176E+03 

CRPIX2  =   9.651823853704E+03 

CD1_1   =  -5.116730116149E-05 

CD1_2   =   1.540803367721E-07 

CD2_1   =  -5.234607438980E-07 

CD2_2   =   5.126131352204E-05 

PV1_0   =   3.065682195479E-03 

PV1_1   =   8.846367186956E-01 

PV1_2   =  -1.149252395874E-01 

PV1_4   =   4.531836693458E-01 

PV1_5   =   4.608550026577E-01 

PV1_6   =  -3.366663201303E-02 

PV1_7   =  -4.803510676083E-01 

PV1_8   =  -5.030071616026E-01 

PV1_9   =   1.249341242465E-02 

PV1_10  =  -2.499077061053E-02 

PV2_0   =   5.674868329364E-02 

PV2_1   =   1.050522873239E+00 

PV2_2   =  -3.373147489721E-01 

PV2_4   =  -3.468843435586E-02 

PV2_5   =  -2.370667396394E-01 

PV2_6   =   6.624203845937E-01 

PV2_7   =  -3.926312342873E-02 

PV2_8   =   3.190472878117E-02 

PV2_9   =   2.772304408778E-01 

PV2_10  =  -4.215072370588E-01 

FGROUPNO=                    1 

ASTIRMS1=   2.035195569208E-05 

ASTIRMS2=   1.830696122120E-05 

ASTRRMS1=   4.656634330701E-05 

ASTRRMS2=   4.237111373681E-05 

ASTINST =                    2 

FLSCALE =   2.648132549093E-01 

MAGZEROP=          30.00000000 

PHOTIRMS=           0.06433078 

PHOTINST=                    1 

PHOTLINK=                    F 

RZP     =             0.039742 

FLXSCALE=         7.348566E-03 

END



