EQUINOX =        2000.00000000 

RADESYS = 'ICRS    '           

CTYPE1  = 'RA---TAN'           

CTYPE2  = 'DEC--TAN'           

CUNIT1  = 'deg     '           

CUNIT2  = 'deg     '           

CRVAL1  =   2.088965226357E+02 

CRVAL2  =   5.449502612764E+01 

CRPIX1  =   7.340788076396E+03 

CRPIX2  =  -5.246980953966E+03 

CD1_1   =  -5.145509316359E-05 

CD1_2   =  -4.802273858568E-07 

CD2_1   =   6.379302387097E-08 

CD2_2   =   5.138964004663E-05 

PV1_0   =  -8.541513939784E-03 

PV1_1   =   1.034792870324E+00 

PV1_2   =   2.020471852255E-02 

PV1_4   =   1.636894449964E-03 

PV1_5   =  -1.083275025968E-01 

PV1_6   =   6.526258477962E-03 

PV1_7   =  -1.389860138356E-01 

PV1_8   =   2.448680501844E-01 

PV1_9   =  -7.963731885405E-02 

PV1_10  =   8.278950403581E-03 

PV2_0   =  -1.260517601192E-02 

PV2_1   =   1.000352500190E+00 

PV2_2   =   9.699891551728E-02 

PV2_4   =  -3.930824006847E-03 

PV2_5   =   8.446090157811E-02 

PV2_6   =  -3.263248083348E-01 

PV2_7   =  -3.135729030984E-03 

PV2_8   =  -6.291401773710E-02 

PV2_9   =  -8.012605979183E-02 

PV2_10  =   3.502763626490E-01 

FGROUPNO=                    1 

ASTIRMS1=   2.035195569208E-05 

ASTIRMS2=   1.830696122120E-05 

ASTRRMS1=   4.932533311537E-05 

ASTRRMS2=   4.366165867233E-05 

ASTINST =                    2 

FLSCALE =   2.821781680870E-01 

MAGZEROP=          30.00000000 

PHOTIRMS=           0.06433078 

PHOTINST=                    1 

PHOTLINK=                    F 

RZP     =             0.009509 

FLXSCALE=         7.855460E-03 

END



