EQUINOX =        2000.00000000 

RADESYS = 'ICRS    '           

CTYPE1  = 'RA---TAN'           

CTYPE2  = 'DEC--TAN'           

CUNIT1  = 'deg     '           

CUNIT2  = 'deg     '           

CRVAL1  =   2.088965226357E+02 

CRVAL2  =   5.449502612764E+01 

CRPIX1  =   7.345026987845E+03 

CRPIX2  =   9.631180762095E+03 

CD1_1   =  -5.142335512652E-05 

CD1_2   =   9.378748870924E-08 

CD2_1   =  -4.556928656135E-07 

CD2_2   =   5.133531515911E-05 

PV1_0   =  -6.654956229272E-03 

PV1_1   =   1.064506525433E+00 

PV1_2   =   2.449532180249E-02 

PV1_4   =  -1.534251575222E-01 

PV1_5   =  -2.122383887939E-02 

PV1_6   =   7.384403195664E-02 

PV1_7   =   1.337599070583E-01 

PV1_8   =   6.672732793745E-02 

PV1_9   =   9.979728929998E-04 

PV1_10  =   7.212810568823E-02 

PV2_0   =  -2.394152698560E-02 

PV2_1   =   9.510798995290E-01 

PV2_2   =   1.973408034721E-01 

PV2_4   =  -5.141988444469E-02 

PV2_5   =   2.800560385954E-01 

PV2_6   =  -4.915146195796E-01 

PV2_7   =  -2.211040711188E-02 

PV2_8   =   1.821878884133E-01 

PV2_9   =  -2.549819623252E-01 

PV2_10  =   4.383821154426E-01 

FGROUPNO=                    1 

ASTIRMS1=   2.035195569208E-05 

ASTIRMS2=   1.830696122120E-05 

ASTRRMS1=   4.932533311537E-05 

ASTRRMS2=   4.366165867233E-05 

ASTINST =                    2 

FLSCALE =   2.821781680870E-01 

MAGZEROP=          30.00000000 

PHOTIRMS=           0.06433078 

PHOTINST=                    1 

PHOTLINK=                    F 

RZP     =             0.009509 

FLXSCALE=         7.855460E-03 

END



