EQUINOX =        2000.00000000 

RADESYS = 'ICRS    '           

CTYPE1  = 'RA---TAN'           

CTYPE2  = 'DEC--TAN'           

CUNIT1  = 'deg     '           

CUNIT2  = 'deg     '           

CRVAL1  =   2.094924718547E+02 

CRVAL2  =   5.483089196859E+01 

CRPIX1  =   1.165659001289E+04 

CRPIX2  =  -1.794869802366E+02 

CD1_1   =  -5.086971254029E-05 

CD1_2   =  -3.827895561094E-07 

CD2_1   =  -5.853652070566E-08 

CD2_2   =   5.154194572437E-05 

PV1_0   =  -7.536250334845E-02 

PV1_1   =   1.399526974950E+00 

PV1_2   =   2.701873637678E-02 

PV1_4   =  -7.102442653329E-01 

PV1_5   =  -5.247001050650E-02 

PV1_6   =  -7.198922460180E-02 

PV1_7   =   4.214389076736E-01 

PV1_8   =   3.357028097550E-02 

PV1_9   =   2.846177896975E-02 

PV1_10  =   1.074248227319E-01 

PV2_0   =   1.360333713879E-01 

PV2_1   =   9.730978102700E-01 

PV2_2   =  -7.681588074308E-01 

PV2_4   =   3.463569610278E-02 

PV2_5   =   1.155187732353E-01 

PV2_6   =   1.437056302243E+00 

PV2_7   =  -1.019379061541E-01 

PV2_8   =  -9.147315797234E-03 

PV2_9   =  -1.265943338017E-01 

PV2_10  =  -8.909359310361E-01 

FGROUPNO=                    1 

ASTIRMS1=   2.035195569208E-05 

ASTIRMS2=   1.830696122120E-05 

ASTRRMS1=   4.828841427884E-05 

ASTRRMS2=   4.398667619985E-05 

ASTINST =                    1 

FLSCALE =   3.324545943826E-01 

MAGZEROP=          30.00000000 

PHOTIRMS=           0.06433078 

PHOTINST=                    1 

PHOTLINK=                    F 

RZP     =            -0.023795 

FLXSCALE=         9.197030E-03 

END



