EQUINOX =        2000.00000000 

RADESYS = 'ICRS    '           

CTYPE1  = 'RA---TAN'           

CTYPE2  = 'DEC--TAN'           

CUNIT1  = 'deg     '           

CUNIT2  = 'deg     '           

CRVAL1  =   2.116306243401E+02 

CRVAL2  =   5.416479153771E+01 

CRPIX1  =   3.052726084361E+03 

CRPIX2  =   9.608754357512E+03 

CD1_1   =  -5.173206607735E-05 

CD1_2   =  -1.917505721632E-07 

CD2_1   =  -4.001562677572E-07 

CD2_2   =   5.140870068605E-05 

PV1_0   =  -6.956946024754E-04 

PV1_1   =   1.003463218742E+00 

PV1_2   =  -2.242036969152E-03 

PV1_4   =   4.127269672601E-02 

PV1_5   =   1.753835052364E-02 

PV1_6   =  -4.961124346286E-04 

PV1_7   =  -2.598270275501E-01 

PV1_8   =  -8.888777616453E-02 

PV1_9   =  -2.363419167289E-02 

PV1_10  =  -1.569644209637E-03 

PV2_0   =   1.984282074626E-03 

PV2_1   =   1.003078041025E+00 

PV2_2   =  -8.950884384460E-03 

PV2_4   =  -1.805947486271E-02 

PV2_5   =   1.218607710006E-02 

PV2_6   =   9.398873267321E-02 

PV2_7   =  -3.848127319525E-02 

PV2_8   =   1.519841069357E-02 

PV2_9   =  -1.324497781829E-02 

PV2_10  =  -2.753537680686E-01 

FGROUPNO=                    1 

ASTIRMS1=   2.035195569208E-05 

ASTIRMS2=   1.830696122120E-05 

ASTRRMS1=   4.582895554590E-05 

ASTRRMS2=   4.260668060696E-05 

ASTINST =                    1 

FLSCALE =   3.521712098694E-01 

MAGZEROP=          30.00000000 

PHOTIRMS=           0.06433078 

PHOTINST=                    1 

PHOTLINK=                    F 

RZP     =            -0.011171 

FLXSCALE=         9.796784E-03 

END



