EQUINOX =        2000.00000000 































RADESYS = 'ICRS    '           































CTYPE1  = 'RA---TAN'           































CTYPE2  = 'DEC--TAN'           































CUNIT1  = 'deg     '           































CUNIT2  = 'deg     '           































CRVAL1  =   2.094924718547E+02 































CRVAL2  =   5.483089196859E+01 































CRPIX1  =   3.038498807970E+03 































CRPIX2  =  -1.414358583961E+02 































CD1_1   =  -5.191361609138E-05 































CD1_2   =  -2.706173619266E-07 































CD2_1   =  -2.120357020505E-07 































CD2_2   =   5.189089058604E-05 































PV1_0   =  -2.610150411435E-04 































PV1_1   =   1.001627585416E+00 































PV1_2   =   2.927406971712E-03 































PV1_4   =   2.806494096103E-02 































PV1_5   =  -4.776815510099E-02 































PV1_6   =  -2.231562783446E-03 































PV1_7   =  -2.036152937375E-01 































PV1_8   =   1.909142364808E-01 































PV1_9   =   1.620018921013E-02 































PV1_10  =  -2.848152116624E-03 































PV2_0   =  -6.583467415700E-04 































PV2_1   =   1.002974574899E+00 































PV2_2   =   1.539959553352E-02 































PV2_4   =  -4.797027980100E-03 































PV2_5   =  -2.309913502576E-02 































PV2_6   =  -1.371713414649E-01 































PV2_7   =  -1.201757912304E-02 































PV2_8   =   1.635194861826E-02 































PV2_9   =   7.772251334992E-02 































PV2_10  =   3.993377873805E-01 































FGROUPNO=                    1 































ASTIRMS1=   2.035195569208E-05 































ASTIRMS2=   1.830696122120E-05 































ASTRRMS1=   4.828841427884E-05 































ASTRRMS2=   4.398667619985E-05 































ASTINST =                    1 































FLSCALE =   3.324545943826E-01 































MAGZEROP=          30.00000000 































PHOTIRMS=           0.06433078 































PHOTINST=                    1 































PHOTLINK=                    F 































RZP     =            -0.023795 































FLXSCALE=         9.197030E-03 































END































































