EQUINOX =        2000.00000000 

RADESYS = 'ICRS    '           

CTYPE1  = 'RA---TAN'           

CTYPE2  = 'DEC--TAN'           

CUNIT1  = 'deg     '           

CUNIT2  = 'deg     '           

CRVAL1  =   2.111594653873E+02 

CRVAL2  =   5.483120594112E+01 

CRPIX1  =   5.190079835475E+03 

CRPIX2  =  -5.237005313274E+03 

CD1_1   =  -5.162325590594E-05 

CD1_2   =  -4.301100799859E-07 

CD2_1   =  -3.391808320075E-08 

CD2_2   =   5.140206496138E-05 

PV1_0   =  -5.900730184436E-03 

PV1_1   =   1.031963400194E+00 

PV1_2   =   2.255254108640E-02 

PV1_4   =  -5.979883839434E-02 

PV1_5   =  -7.378225054616E-02 

PV1_6   =  -2.831169817857E-02 

PV1_7   =   1.688799578565E-02 

PV1_8   =   9.013652623866E-02 

PV1_9   =   2.886900463182E-02 

PV1_10  =   1.357896562620E-02 

PV2_0   =  -7.129182800361E-03 

PV2_1   =   1.021052119018E+00 

PV2_2   =   4.223325542059E-02 

PV2_4   =  -1.569109132059E-02 

PV2_5   =  -4.354632427489E-02 

PV2_6   =  -1.422910226532E-01 

PV2_7   =  -9.687011234371E-03 

PV2_8   =   1.239533848630E-02 

PV2_9   =   5.476142808037E-02 

PV2_10  =   1.806120711572E-01 

FGROUPNO=                    1 

ASTIRMS1=   2.035195569208E-05 

ASTIRMS2=   1.830696122120E-05 

ASTRRMS1=   4.633224408468E-05 

ASTRRMS2=   4.399865583343E-05 

ASTINST =                    1 

FLSCALE =   3.128895505511E-01 

MAGZEROP=          30.00000000 

PHOTIRMS=           0.06433078 

PHOTINST=                    1 

PHOTLINK=                    F 

RZP     =             0.014678 

FLXSCALE=         8.643526E-03 

END



