EQUINOX =        2000.00000000 

RADESYS = 'ICRS    '           

CTYPE1  = 'RA---TAN'           

CTYPE2  = 'DEC--TAN'           

CUNIT1  = 'deg     '           

CUNIT2  = 'deg     '           

CRVAL1  =   2.116306243401E+02 

CRVAL2  =   5.416479153771E+01 

CRPIX1  =  -7.626144161699E+03 

CRPIX2  =   4.543325765877E+03 

CD1_1   =  -5.124234007701E-05 

CD1_2   =  -4.005760908255E-07 

CD2_1   =  -1.436205739466E-07 

CD2_2   =   5.164969027824E-05 

PV1_0   =   3.246957796092E-02 

PV1_1   =   1.192063677133E+00 

PV1_2   =   2.494266481091E-02 

PV1_4   =   3.721060647021E-01 

PV1_5   =   1.032860077788E-01 

PV1_6   =  -8.174287689620E-03 

PV1_7   =   2.341937533026E-01 

PV1_8   =   1.212036002907E-01 

PV1_9   =  -5.494771351666E-02 

PV1_10  =   1.471318959408E-02 

PV2_0   =   4.867940466303E-03 

PV2_1   =   1.029859472301E+00 

PV2_2   =   3.097686635070E-02 

PV2_4   =   4.991964471279E-02 

PV2_5   =   8.656353370918E-02 

PV2_6   =   7.250071979981E-02 

PV2_7   =  -1.398068787447E-02 

PV2_8   =   1.120933185266E-01 

PV2_9   =   4.888818644067E-02 

PV2_10  =   6.126510891490E-02 

FGROUPNO=                    1 

ASTIRMS1=   2.035195569208E-05 

ASTIRMS2=   1.830696122120E-05 

ASTRRMS1=   4.582895554590E-05 

ASTRRMS2=   4.260668060696E-05 

ASTINST =                    1 

FLSCALE =   3.521712098694E-01 

MAGZEROP=          30.00000000 

PHOTIRMS=           0.06433078 

PHOTINST=                    1 

PHOTLINK=                    F 

RZP     =            -0.011171 

FLXSCALE=         9.796784E-03 

END



