EQUINOX =        2000.00000000 

RADESYS = 'ICRS    '           

CTYPE1  = 'RA---TAN'           

CTYPE2  = 'DEC--TAN'           

CUNIT1  = 'deg     '           

CUNIT2  = 'deg     '           

CRVAL1  =   2.092433085915E+02 

CRVAL2  =   5.514476509091E+01 

CRPIX1  =   5.168593921219E+03 

CRPIX2  =   4.526709245118E+03 

CD1_1   =  -5.176815142793E-05 

CD1_2   =  -2.172597912032E-07 

CD2_1   =  -3.370004070446E-07 

CD2_2   =   5.184200346016E-05 

PV1_0   =   4.240177182918E-03 

PV1_1   =   9.361476625692E-01 

PV1_2   =   8.634414675435E-04 

PV1_4   =   3.116793982930E-01 

PV1_5   =  -1.632692372453E-02 

PV1_6   =   3.350010444602E-04 

PV1_7   =  -5.015615511736E-01 

PV1_8   =   1.364487344847E-02 

PV1_9   =  -6.446156512444E-02 

PV1_10  =  -2.500521934386E-02 

PV2_0   =  -2.302020467891E-04 

PV2_1   =   1.006864874844E+00 

PV2_2   =   7.427174076497E-03 

PV2_4   =   9.025961384766E-03 

PV2_5   =  -3.713221464576E-02 

PV2_6   =  -4.452071159733E-02 

PV2_7   =   7.446813436284E-03 

PV2_8   =   7.495125171599E-03 

PV2_9   =   6.622493959851E-02 

PV2_10  =   7.938236363631E-02 

FGROUPNO=                    1 

ASTIRMS1=   2.035195569208E-05 

ASTIRMS2=   1.830696122120E-05 

ASTRRMS1=   4.953398153093E-05 

ASTRRMS2=   4.387031385565E-05 

ASTINST =                    1 

FLSCALE =   2.814911795006E-01 

MAGZEROP=          30.00000000 

PHOTIRMS=           0.06433078 

PHOTINST=                    1 

PHOTLINK=                    F 

RZP     =            -0.036151 

FLXSCALE=         7.764600E-03 

END



