EQUINOX =        2000.00000000 

RADESYS = 'ICRS    '           

CTYPE1  = 'RA---TAN'           

CTYPE2  = 'DEC--TAN'           

CUNIT1  = 'deg     '           

CUNIT2  = 'deg     '           

CRVAL1  =   2.111594653873E+02 

CRVAL2  =   5.483120594112E+01 

CRPIX1  =   9.183894631736E+02 

CRPIX2  =  -5.221182200802E+03 

CD1_1   =  -5.178199759825E-05 

CD1_2   =  -2.263092841457E-07 

CD2_1   =  -2.261450795411E-07 

CD2_2   =   5.145184644488E-05 

PV1_0   =  -5.278315130485E-04 

PV1_1   =   1.004242354069E+00 

PV1_2   =   5.150750456343E-03 

PV1_4   =   1.934784411532E-02 

PV1_5   =   4.011496346179E-03 

PV1_6   =  -1.522429965993E-02 

PV1_7   =  -5.475061879133E-02 

PV1_8   =  -4.624396003392E-02 

PV1_9   =  -3.485803245481E-02 

PV1_10  =   1.406940659766E-02 

PV2_0   =  -2.641902779858E-03 

PV2_1   =   1.011021255028E+00 

PV2_2   =  -1.608778990375E-03 

PV2_4   =  -1.605103746876E-03 

PV2_5   =   8.306600313164E-03 

PV2_6   =   4.904415811467E-02 

PV2_7   =  -2.109093074782E-02 

PV2_8   =  -1.484516387463E-02 

PV2_9   =  -1.333589106452E-01 

PV2_10  =   2.159197091421E-01 

FGROUPNO=                    1 

ASTIRMS1=   2.035195569208E-05 

ASTIRMS2=   1.830696122120E-05 

ASTRRMS1=   4.633224408468E-05 

ASTRRMS2=   4.399865583343E-05 

ASTINST =                    1 

FLSCALE =   3.128895505511E-01 

MAGZEROP=          30.00000000 

PHOTIRMS=           0.06433078 

PHOTINST=                    1 

PHOTLINK=                    F 

RZP     =             0.014678 

FLXSCALE=         8.643526E-03 

END



