EQUINOX =        2000.00000000 

RADESYS = 'ICRS    '           

CTYPE1  = 'RA---TAN'           

CTYPE2  = 'DEC--TAN'           

CUNIT1  = 'deg     '           

CUNIT2  = 'deg     '           

CRVAL1  =   2.099638406407E+02 

CRVAL2  =   5.416458261694E+01 

CRPIX1  =   3.041356499898E+03 

CRPIX2  =   4.523103930809E+03 

CD1_1   =  -5.189265975685E-05 

CD1_2   =  -2.329114012502E-07 

CD2_1   =  -3.019202781029E-07 

CD2_2   =   5.188579600419E-05 

PV1_0   =  -3.817608750074E-04 

PV1_1   =   1.010080160038E+00 

PV1_2   =  -9.284199047211E-05 

PV1_4   =  -9.203970233269E-02 

PV1_5   =  -2.252576354864E-02 

PV1_6   =  -3.270719066056E-03 

PV1_7   =   2.855962951561E-01 

PV1_8   =   9.864231187207E-02 

PV1_9   =  -4.139953723325E-02 

PV1_10  =  -1.196669065996E-02 

PV2_0   =   6.047351692045E-05 

PV2_1   =   1.001858702381E+00 

PV2_2   =   1.021045002875E-03 

PV2_4   =   1.027329442318E-02 

PV2_5   =   1.432418692292E-02 

PV2_6   =   1.771353023983E-03 

PV2_7   =  -3.048586629724E-03 

PV2_8   =  -2.918287181766E-02 

PV2_9   =  -1.447519657928E-01 

PV2_10  =  -7.697749105521E-02 

FGROUPNO=                    1 

ASTIRMS1=   2.035195569208E-05 

ASTIRMS2=   1.830696122120E-05 

ASTRRMS1=   4.967257630645E-05 

ASTRRMS2=   4.438807409180E-05 

ASTINST =                    1 

FLSCALE =   2.928753351964E-01 

MAGZEROP=          30.00000000 

PHOTIRMS=           0.06433078 

PHOTINST=                    1 

PHOTLINK=                    F 

RZP     =            -0.010683 

FLXSCALE=         8.201138E-03 

END



