EQUINOX =        2000.00000000 

RADESYS = 'ICRS    '           

CTYPE1  = 'RA---TAN'           

CTYPE2  = 'DEC--TAN'           

CUNIT1  = 'deg     '           

CUNIT2  = 'deg     '           

CRVAL1  =   2.100605639267E+02 

CRVAL2  =   5.385102831586E+01 

CRPIX1  =  -7.626144161699E+03 

CRPIX2  =   4.543325765877E+03 

CD1_1   =  -5.123788885376E-05 

CD1_2   =  -3.711224544606E-07 

CD2_1   =  -1.136133883759E-07 

CD2_2   =   5.164595091013E-05 

PV1_0   =   3.245778038693E-02 

PV1_1   =   1.191980559226E+00 

PV1_2   =   2.478325180233E-02 

PV1_4   =   3.721060647021E-01 

PV1_5   =   1.032860077788E-01 

PV1_6   =  -8.174287689620E-03 

PV1_7   =   2.341937533026E-01 

PV1_8   =   1.212036002907E-01 

PV1_9   =  -5.494771351666E-02 

PV1_10  =   1.471318959408E-02 

PV2_0   =   4.850714284449E-03 

PV2_1   =   1.029896169859E+00 

PV2_2   =   3.098773767212E-02 

PV2_4   =   4.991964471279E-02 

PV2_5   =   8.656353370918E-02 

PV2_6   =   7.250071979981E-02 

PV2_7   =  -1.398068787447E-02 

PV2_8   =   1.120933185266E-01 

PV2_9   =   4.888818644067E-02 

PV2_10  =   6.126510891490E-02 

FGROUPNO=                    1 

ASTIRMS1=   2.035195569208E-05 

ASTIRMS2=   1.830696122120E-05 

ASTRRMS1=   4.957464106769E-05 

ASTRRMS2=   4.314082683626E-05 

ASTINST =                    1 

FLSCALE =   3.474980022882E-01 

MAGZEROP=          30.00000000 

PHOTIRMS=           0.06433078 

PHOTINST=                    1 

PHOTLINK=                    F 

RZP     =             0.026222 

FLXSCALE=         9.747731E-03 

END



