EQUINOX =        2000.00000000 

RADESYS = 'ICRS    '           

CTYPE1  = 'RA---TAN'           

CTYPE2  = 'DEC--TAN'           

CUNIT1  = 'deg     '           

CUNIT2  = 'deg     '           

CRVAL1  =   2.094924718547E+02 

CRVAL2  =   5.483089196859E+01 

CRPIX1  =  -5.464465400719E+03 

CRPIX2  =   4.528805497881E+03 

CD1_1   =  -5.155278232561E-05 

CD1_2   =  -3.756232651986E-07 

CD2_1   =  -1.764337953116E-07 

CD2_2   =   5.175855157491E-05 

PV1_0   =  -3.342505096696E-02 

PV1_1   =   6.846686036306E-01 

PV1_2   =   1.033109125481E-02 

PV1_4   =  -9.818483719791E-01 

PV1_5   =   5.965517405578E-02 

PV1_6   =  -2.058192886971E-02 

PV1_7   =  -1.011141633089E+00 

PV1_8   =   1.082500259350E-01 

PV1_9   =  -1.090538855554E-01 

PV1_10  =   2.355045810943E-02 

PV2_0   =  -4.862034071852E-03 

PV2_1   =   1.006309862311E+00 

PV2_2   =  -4.755381579466E-02 

PV2_4   =   3.721679802657E-02 

PV2_5   =  -7.301724860362E-03 

PV2_6   =  -1.479695596639E-01 

PV2_7   =  -2.384649361852E-02 

PV2_8   =   1.019245273173E-01 

PV2_9   =  -5.998910726332E-02 

PV2_10  =  -1.473945806547E-01 

FGROUPNO=                    1 

ASTIRMS1=   2.035195569208E-05 

ASTIRMS2=   1.830696122120E-05 

ASTRRMS1=   4.828841427884E-05 

ASTRRMS2=   4.398667619985E-05 

ASTINST =                    1 

FLSCALE =   3.324545943826E-01 

MAGZEROP=          30.00000000 

PHOTIRMS=           0.06433078 

PHOTINST=                    1 

PHOTLINK=                    F 

RZP     =            -0.023795 

FLXSCALE=         9.197030E-03 

END



