EQUINOX =        2000.00000000 

RADESYS = 'ICRS    '           

CTYPE1  = 'RA---TAN'           

CTYPE2  = 'DEC--TAN'           

CUNIT1  = 'deg     '           

CUNIT2  = 'deg     '           

CRVAL1  =   2.109473743626E+02 

CRVAL2  =   5.514585769537E+01 

CRPIX1  =   9.235753943874E+02 

CRPIX2  =   4.522235245656E+03 

CD1_1   =  -5.192847717057E-05 

CD1_2   =  -2.808403166360E-07 

CD2_1   =  -2.946357626557E-07 

CD2_2   =   5.190078680770E-05 

PV1_0   =  -2.196086669783E-05 

PV1_1   =   1.000577099844E+00 

PV1_2   =   4.660410713036E-04 

PV1_4   =   9.429577822027E-03 

PV1_5   =  -4.317179820451E-03 

PV1_6   =   8.337475328561E-03 

PV1_7   =   1.661938874299E-01 

PV1_8   =   2.951833386837E-02 

PV1_9   =  -4.977466551324E-02 

PV1_10  =   2.868897824171E-02 

PV2_0   =   4.932302326991E-05 

PV2_1   =   1.000930736655E+00 

PV2_2   =  -2.233968398952E-04 

PV2_4   =  -3.863095319603E-03 

PV2_5   =   5.721491337271E-03 

PV2_6   =   2.217965499622E-02 

PV2_7   =  -3.682164939888E-02 

PV2_8   =   9.395334018111E-03 

PV2_9   =   4.301609232689E-02 

PV2_10  =   3.383790386248E-01 

FGROUPNO=                    1 

ASTIRMS1=   2.035195569208E-05 

ASTIRMS2=   1.830696122120E-05 

ASTRRMS1=   4.605958295029E-05 

ASTRRMS2=   4.394560590742E-05 

ASTINST =                    1 

FLSCALE =   2.901986252959E-01 

MAGZEROP=          30.00000000 

PHOTIRMS=           0.06433078 

PHOTINST=                    1 

PHOTLINK=                    F 

RZP     =            -0.008350 

FLXSCALE=         7.988271E-03 

END



