EQUINOX =        2000.00000000 

RADESYS = 'ICRS    '           

CTYPE1  = 'RA---TAN'           

CTYPE2  = 'DEC--TAN'           

CUNIT1  = 'deg     '           

CUNIT2  = 'deg     '           

CRVAL1  =   2.092433085915E+02 

CRVAL2  =   5.514476509091E+01 

CRPIX1  =   7.301284539929E+03 

CRPIX2  =  -1.531056992520E+02 

CD1_1   =  -5.157825423466E-05 

CD1_2   =  -3.487139158614E-07 

CD2_1   =  -1.597339771162E-07 

CD2_2   =   5.178082084720E-05 

PV1_0   =  -3.075851242220E-03 

PV1_1   =   1.021693196324E+00 

PV1_2   =  -1.953863536352E-02 

PV1_4   =  -4.880293827104E-02 

PV1_5   =   1.279946106286E-01 

PV1_6   =   1.449361998634E-02 

PV1_7   =   3.184841208159E-02 

PV1_8   =  -1.966320055625E-01 

PV1_9   =  -3.872010623701E-02 

PV1_10  =  -2.899496276311E-02 

PV2_0   =   8.092958651170E-04 

PV2_1   =   1.009795954311E+00 

PV2_2   =  -1.405048861277E-02 

PV2_4   =  -1.671387150642E-02 

PV2_5   =  -2.172655634468E-02 

PV2_6   =   5.322146827098E-02 

PV2_7   =  -1.627394708285E-03 

PV2_8   =   2.665794612919E-02 

PV2_9   =  -4.424978282126E-03 

PV2_10  =  -5.583979866949E-02 

FGROUPNO=                    1 

ASTIRMS1=   2.035195569208E-05 

ASTIRMS2=   1.830696122120E-05 

ASTRRMS1=   4.953398153093E-05 

ASTRRMS2=   4.387031385565E-05 

ASTINST =                    1 

FLSCALE =   2.814911795006E-01 

MAGZEROP=          30.00000000 

PHOTIRMS=           0.06433078 

PHOTINST=                    1 

PHOTLINK=                    F 

RZP     =            -0.036151 

FLXSCALE=         7.764600E-03 

END



