EQUINOX =        2000.00000000 

RADESYS = 'ICRS    '           

CTYPE1  = 'RA---TAN'           

CTYPE2  = 'DEC--TAN'           

CUNIT1  = 'deg     '           

CUNIT2  = 'deg     '           

CRVAL1  =   2.111594653873E+02 

CRVAL2  =   5.483120594112E+01 

CRPIX1  =   9.209254249552E+02 

CRPIX2  =   9.603291123420E+03 

CD1_1   =  -5.179007061034E-05 

CD1_2   =  -2.584587502285E-07 

CD2_1   =  -2.374408712699E-07 

CD2_2   =   5.141480037265E-05 

PV1_0   =   1.702720536750E-04 

PV1_1   =   1.003774261933E+00 

PV1_2   =   7.524233147752E-04 

PV1_4   =   3.367915307257E-02 

PV1_5   =   1.990156897299E-03 

PV1_6   =   1.392982538208E-03 

PV1_7   =   5.017791370817E-02 

PV1_8   =   7.097145014671E-02 

PV1_9   =  -2.308153593593E-02 

PV1_10  =   9.600151096990E-04 

PV2_0   =   3.150855366717E-03 

PV2_1   =   1.016110987875E+00 

PV2_2   =  -2.256763823910E-03 

PV2_4   =   1.643468771332E-02 

PV2_5   =  -1.259482754276E-02 

PV2_6   =   1.566642623891E-02 

PV2_7   =  -8.657044817720E-03 

PV2_8   =  -1.470737449563E-02 

PV2_9   =   4.610200275409E-03 

PV2_10  =   1.742178410221E-01 

FGROUPNO=                    1 

ASTIRMS1=   2.035195569208E-05 

ASTIRMS2=   1.830696122120E-05 

ASTRRMS1=   4.633224408468E-05 

ASTRRMS2=   4.399865583343E-05 

ASTINST =                    1 

FLSCALE =   3.128895505511E-01 

MAGZEROP=          30.00000000 

PHOTIRMS=           0.06433078 

PHOTINST=                    1 

PHOTLINK=                    F 

RZP     =             0.014678 

FLXSCALE=         8.643526E-03 

END



