EQUINOX =        2000.00000000 

RADESYS = 'ICRS    '           

CTYPE1  = 'RA---TAN'           

CTYPE2  = 'DEC--TAN'           

CUNIT1  = 'deg     '           

CUNIT2  = 'deg     '           

CRVAL1  =   2.116306243401E+02 

CRVAL2  =   5.416479153771E+01 

CRPIX1  =   1.165659001289E+04 

CRPIX2  =  -1.794869802366E+02 

CD1_1   =  -5.087306606818E-05 

CD1_2   =  -4.155364733435E-07 

CD2_1   =  -9.023504210555E-08 

CD2_2   =   5.154564030307E-05 

PV1_0   =  -7.531712135667E-02 

PV1_1   =   1.399615034774E+00 

PV1_2   =   2.722879008971E-02 

PV1_4   =  -7.102442653329E-01 

PV1_5   =  -5.247001050650E-02 

PV1_6   =  -7.198922460180E-02 

PV1_7   =   4.214389076736E-01 

PV1_8   =   3.357028097550E-02 

PV1_9   =   2.846177896975E-02 

PV1_10  =   1.074248227319E-01 

PV2_0   =   1.360844353526E-01 

PV2_1   =   9.730380449426E-01 

PV2_2   =  -7.681505007978E-01 

PV2_4   =   3.463569610278E-02 

PV2_5   =   1.155187732353E-01 

PV2_6   =   1.437056302243E+00 

PV2_7   =  -1.019379061541E-01 

PV2_8   =  -9.147315797234E-03 

PV2_9   =  -1.265943338017E-01 

PV2_10  =  -8.909359310361E-01 

FGROUPNO=                    1 

ASTIRMS1=   2.035195569208E-05 

ASTIRMS2=   1.830696122120E-05 

ASTRRMS1=   4.582895554590E-05 

ASTRRMS2=   4.260668060696E-05 

ASTINST =                    1 

FLSCALE =   3.521712098694E-01 

MAGZEROP=          30.00000000 

PHOTIRMS=           0.06433078 

PHOTINST=                    1 

PHOTLINK=                    F 

RZP     =            -0.011171 

FLXSCALE=         9.796784E-03 

END



