EQUINOX =        2000.00000000 

RADESYS = 'ICRS    '           

CTYPE1  = 'RA---TAN'           

CTYPE2  = 'DEC--TAN'           

CUNIT1  = 'deg     '           

CUNIT2  = 'deg     '           

CRVAL1  =   2.116306243401E+02 

CRVAL2  =   5.416479153771E+01 

CRPIX1  =  -3.348346382322E+03 

CRPIX2  =   9.612743843815E+03 

CD1_1   =  -5.161711376263E-05 

CD1_2   =  -4.832321318270E-07 

CD2_1   =  -1.322228424108E-07 

CD2_2   =   5.137436130449E-05 

PV1_0   =  -3.265968926808E-03 

PV1_1   =   9.408713033446E-01 

PV1_2   =   9.570891076363E-04 

PV1_4   =  -3.005273910152E-01 

PV1_5   =  -1.770484118863E-03 

PV1_6   =  -6.088204896594E-03 

PV1_7   =  -4.063656609114E-01 

PV1_8   =  -1.380249738960E-01 

PV1_9   =   5.984740643252E-02 

PV1_10  =  -2.093594668051E-02 

PV2_0   =   8.804430605234E-03 

PV2_1   =   1.005788730911E+00 

PV2_2   =   8.896509290742E-02 

PV2_4   =  -3.185359477199E-02 

PV2_5   =   5.636232060806E-02 

PV2_6   =   3.347875637024E-01 

PV2_7   =  -4.575280479918E-02 

PV2_8   =  -3.591473924898E-02 

PV2_9   =   1.652718311712E-01 

PV2_10  =   3.856214377978E-01 

FGROUPNO=                    1 

ASTIRMS1=   2.035195569208E-05 

ASTIRMS2=   1.830696122120E-05 

ASTRRMS1=   4.582895554590E-05 

ASTRRMS2=   4.260668060696E-05 

ASTINST =                    1 

FLSCALE =   3.521712098694E-01 

MAGZEROP=          30.00000000 

PHOTIRMS=           0.06433078 

PHOTINST=                    1 

PHOTLINK=                    F 

RZP     =            -0.011171 

FLXSCALE=         9.796784E-03 

END



