EQUINOX =        2000.00000000 

RADESYS = 'ICRS    '           

CTYPE1  = 'RA---TAN'           

CTYPE2  = 'DEC--TAN'           

CUNIT1  = 'deg     '           

CUNIT2  = 'deg     '           

CRVAL1  =   2.100605639267E+02 

CRVAL2  =   5.385102831586E+01 

CRPIX1  =  -3.325674009988E+03 

CRPIX2  =  -1.438655148233E+02 

CD1_1   =  -5.175659721628E-05 

CD1_2   =  -1.955101976325E-07 

CD2_1   =  -2.866510188422E-07 

CD2_2   =   5.185273312229E-05 

PV1_0   =  -2.904654288316E-03 

PV1_1   =   9.628036691848E-01 

PV1_2   =   7.303534276376E-03 

PV1_4   =  -1.522124642135E-01 

PV1_5   =   8.195532391094E-02 

PV1_6   =   1.158798019347E-02 

PV1_7   =  -2.046083020612E-01 

PV1_8   =   1.723154846092E-01 

PV1_9   =  -2.684291293714E-02 

PV1_10  =  -3.872671551549E-02 

PV2_0   =  -1.659376417754E-03 

PV2_1   =   9.970774649004E-01 

PV2_2   =  -2.184431672231E-02 

PV2_4   =  -5.229247197703E-03 

PV2_5   =  -4.781775912195E-02 

PV2_6   =  -1.032778690503E-01 

PV2_7   =  -1.482460278928E-02 

PV2_8   =  -1.596145227250E-02 

PV2_9   =  -1.307645747625E-01 

PV2_10  =  -1.657576188084E-01 

FGROUPNO=                    1 

ASTIRMS1=   2.035195569208E-05 

ASTIRMS2=   1.830696122120E-05 

ASTRRMS1=   4.957464106769E-05 

ASTRRMS2=   4.314082683626E-05 

ASTINST =                    1 

FLSCALE =   3.474980022882E-01 

MAGZEROP=          30.00000000 

PHOTIRMS=           0.06433078 

PHOTINST=                    1 

PHOTLINK=                    F 

RZP     =             0.026222 

FLXSCALE=         9.747731E-03 

END



