EQUINOX =        2000.00000000 

RADESYS = 'ICRS    '           

CTYPE1  = 'RA---TAN'           

CTYPE2  = 'DEC--TAN'           

CUNIT1  = 'deg     '           

CUNIT2  = 'deg     '           

CRVAL1  =   2.094924718547E+02 

CRVAL2  =   5.483089196859E+01 

CRPIX1  =   9.235753943874E+02 

CRPIX2  =   4.522235245656E+03 

CD1_1   =  -5.192503621388E-05 

CD1_2   =  -2.481703305572E-07 

CD2_1   =  -2.624319362240E-07 

CD2_2   =   5.189785015235E-05 

PV1_0   =  -5.516005669169E-05 

PV1_1   =   1.000515243448E+00 

PV1_2   =   1.978161455158E-04 

PV1_4   =   9.429577822027E-03 

PV1_5   =  -4.317179820451E-03 

PV1_6   =   8.337475328561E-03 

PV1_7   =   1.661938874299E-01 

PV1_8   =   2.951833386837E-02 

PV1_9   =  -4.977466551324E-02 

PV1_10  =   2.868897824171E-02 

PV2_0   =  -7.321686465169E-06 

PV2_1   =   1.000968605851E+00 

PV2_2   =  -1.713916531325E-04 

PV2_4   =  -3.863095319603E-03 

PV2_5   =   5.721491337271E-03 

PV2_6   =   2.217965499622E-02 

PV2_7   =  -3.682164939888E-02 

PV2_8   =   9.395334018111E-03 

PV2_9   =   4.301609232689E-02 

PV2_10  =   3.383790386248E-01 

FGROUPNO=                    1 

ASTIRMS1=   2.035195569208E-05 

ASTIRMS2=   1.830696122120E-05 

ASTRRMS1=   4.828841427884E-05 

ASTRRMS2=   4.398667619985E-05 

ASTINST =                    1 

FLSCALE =   3.324545943826E-01 

MAGZEROP=          30.00000000 

PHOTIRMS=           0.06433078 

PHOTINST=                    1 

PHOTLINK=                    F 

RZP     =            -0.023795 

FLXSCALE=         9.197030E-03 

END



