EQUINOX =        2000.00000000 

RADESYS = 'ICRS    '           

CTYPE1  = 'RA---TAN'           

CTYPE2  = 'DEC--TAN'           

CUNIT1  = 'deg     '           

CUNIT2  = 'deg     '           

CRVAL1  =   2.100605639267E+02 

CRVAL2  =   5.385102831586E+01 

CRPIX1  =   9.183894631736E+02 

CRPIX2  =  -5.221182200802E+03 

CD1_1   =  -5.177984182194E-05 

CD1_2   =  -2.297020210258E-07 

CD2_1   =  -2.293138303584E-07 

CD2_2   =   5.145086962640E-05 

PV1_0   =  -5.557377008366E-04 

PV1_1   =   1.004252968753E+00 

PV1_2   =   5.127934950057E-03 

PV1_4   =   1.934784411532E-02 

PV1_5   =   4.011496346179E-03 

PV1_6   =  -1.522429965993E-02 

PV1_7   =  -5.475061879133E-02 

PV1_8   =  -4.624396003392E-02 

PV1_9   =  -3.485803245481E-02 

PV1_10  =   1.406940659766E-02 

PV2_0   =  -2.664999812960E-03 

PV2_1   =   1.011027538017E+00 

PV2_2   =  -1.553802819694E-03 

PV2_4   =  -1.605103746876E-03 

PV2_5   =   8.306600313164E-03 

PV2_6   =   4.904415811467E-02 

PV2_7   =  -2.109093074782E-02 

PV2_8   =  -1.484516387463E-02 

PV2_9   =  -1.333589106452E-01 

PV2_10  =   2.159197091421E-01 

FGROUPNO=                    1 

ASTIRMS1=   2.035195569208E-05 

ASTIRMS2=   1.830696122120E-05 

ASTRRMS1=   4.957464106769E-05 

ASTRRMS2=   4.314082683626E-05 

ASTINST =                    1 

FLSCALE =   3.474980022882E-01 

MAGZEROP=          30.00000000 

PHOTIRMS=           0.06433078 

PHOTINST=                    1 

PHOTLINK=                    F 

RZP     =             0.026222 

FLXSCALE=         9.747731E-03 

END



