EQUINOX =        2000.00000000 

RADESYS = 'ICRS    '           

CTYPE1  = 'RA---TAN'           

CTYPE2  = 'DEC--TAN'           

CUNIT1  = 'deg     '           

CUNIT2  = 'deg     '           

CRVAL1  =   2.099638406407E+02 

CRVAL2  =   5.416458261694E+01 

CRPIX1  =  -3.353655914582E+03 

CRPIX2  =  -5.238398293439E+03 

CD1_1   =  -5.161535965922E-05 

CD1_2   =  -6.493992538512E-08 

CD2_1   =  -4.585933012685E-07 

CD2_2   =   5.138203154218E-05 

PV1_0   =   2.207434849455E-03 

PV1_1   =   1.020086134754E+00 

PV1_2   =   2.101849831272E-03 

PV1_4   =   4.848426698518E-02 

PV1_5   =  -1.319712461574E-02 

PV1_6   =  -1.900188149266E-02 

PV1_7   =   3.914926545301E-02 

PV1_8   =  -2.042663806020E-02 

PV1_9   =  -1.896634408702E-02 

PV1_10  =   1.629579333043E-02 

PV2_0   =  -8.553517767383E-03 

PV2_1   =   1.018901443387E+00 

PV2_2   =  -5.973043841436E-02 

PV2_4   =  -1.017639980131E-02 

PV2_5   =   3.595284241733E-02 

PV2_6   =  -2.134143119998E-01 

PV2_7   =  -1.307572270651E-02 

PV2_8   =  -4.577336129164E-03 

PV2_9   =   4.556160913233E-02 

PV2_10  =  -2.685465812021E-01 

FGROUPNO=                    1 

ASTIRMS1=   2.035195569208E-05 

ASTIRMS2=   1.830696122120E-05 

ASTRRMS1=   4.967257630645E-05 

ASTRRMS2=   4.438807409180E-05 

ASTINST =                    1 

FLSCALE =   2.928753351964E-01 

MAGZEROP=          30.00000000 

PHOTIRMS=           0.06433078 

PHOTINST=                    1 

PHOTLINK=                    F 

RZP     =            -0.010683 

FLXSCALE=         8.201138E-03 

END



