EQUINOX =        2000.00000000 

RADESYS = 'ICRS    '           

CTYPE1  = 'RA---TAN'           

CTYPE2  = 'DEC--TAN'           

CUNIT1  = 'deg     '           

CUNIT2  = 'deg     '           

CRVAL1  =   2.100605639267E+02 

CRVAL2  =   5.385102831586E+01 

CRPIX1  =  -7.672283369190E+03 

CRPIX2  =  -5.264433402444E+03 

CD1_1   =  -5.114551383792E-05 

CD1_2   =   1.345702322077E-07 

CD2_1   =  -5.437450813795E-07 

CD2_2   =   5.129550345240E-05 

PV1_0   =   4.786967937275E-03 

PV1_1   =   1.004058718621E+00 

PV1_2   =  -1.280753533415E-02 

PV1_4   =  -2.867809065941E-02 

PV1_5   =  -2.077793791350E-02 

PV1_6   =   3.031770698723E-03 

PV1_7   =  -5.578760544092E-02 

PV1_8   =  -5.919194195443E-02 

PV1_9   =  -6.346356220029E-02 

PV1_10  =  -1.793317680369E-02 

PV2_0   =   1.209662220917E-03 

PV2_1   =   9.975533010052E-01 

PV2_2   =   1.965787756759E-02 

PV2_4   =   6.887047205446E-02 

PV2_5   =   4.755718418318E-02 

PV2_6   =   7.487189544979E-02 

PV2_7   =  -5.904640663505E-02 

PV2_8   =   6.415951260714E-02 

PV2_9   =   8.828212023220E-02 

PV2_10  =   8.541565367217E-02 

FGROUPNO=                    1 

ASTIRMS1=   2.035195569208E-05 

ASTIRMS2=   1.830696122120E-05 

ASTRRMS1=   4.957464106769E-05 

ASTRRMS2=   4.314082683626E-05 

ASTINST =                    1 

FLSCALE =   3.474980022882E-01 

MAGZEROP=          30.00000000 

PHOTIRMS=           0.06433078 

PHOTINST=                    1 

PHOTLINK=                    F 

RZP     =             0.026222 

FLXSCALE=         9.747731E-03 

END



