EQUINOX =        2000.00000000 

RADESYS = 'ICRS    '           

CTYPE1  = 'RA---TAN'           

CTYPE2  = 'DEC--TAN'           

CUNIT1  = 'deg     '           

CUNIT2  = 'deg     '           

CRVAL1  =   2.094924718547E+02 

CRVAL2  =   5.483089196859E+01 

CRPIX1  =  -5.498527901492E+03 

CRPIX2  =   9.634502559807E+03 

CD1_1   =  -5.142073295428E-05 

CD1_2   =  -5.239206002952E-07 

CD2_1   =   3.741599087387E-08 

CD2_2   =   5.130006674634E-05 

PV1_0   =   1.117689047384E-02 

PV1_1   =   1.088170287607E+00 

PV1_2   =   3.539681881017E-03 

PV1_4   =   2.501968524419E-01 

PV1_5   =   8.044083438410E-03 

PV1_6   =  -9.564471468847E-03 

PV1_7   =   2.556788158628E-01 

PV1_8   =  -1.690864849766E-02 

PV1_9   =  -7.369206679357E-04 

PV1_10  =  -1.560809520104E-02 

PV2_0   =   9.418384611529E-03 

PV2_1   =   1.015438279558E+00 

PV2_2   =   4.430552502015E-02 

PV2_4   =  -9.599956148274E-03 

PV2_5   =   3.457272780777E-02 

PV2_6   =   7.917809410129E-02 

PV2_7   =  -1.231764131885E-02 

PV2_8   =  -7.377797112976E-02 

PV2_9   =   1.104949646101E-01 

PV2_10  =   1.025587462200E-02 

FGROUPNO=                    1 

ASTIRMS1=   2.035195569208E-05 

ASTIRMS2=   1.830696122120E-05 

ASTRRMS1=   4.828841427884E-05 

ASTRRMS2=   4.398667619985E-05 

ASTINST =                    1 

FLSCALE =   3.324545943826E-01 

MAGZEROP=          30.00000000 

PHOTIRMS=           0.06433078 

PHOTINST=                    1 

PHOTLINK=                    F 

RZP     =            -0.023795 

FLXSCALE=         9.197030E-03 

END



