EQUINOX =        2000.00000000 

RADESYS = 'ICRS    '           

CTYPE1  = 'RA---TAN'           

CTYPE2  = 'DEC--TAN'           

CUNIT1  = 'deg     '           

CUNIT2  = 'deg     '           

CRVAL1  =   2.109473743626E+02 

CRVAL2  =   5.514585769537E+01 

CRPIX1  =  -1.199831681565E+03 

CRPIX2  =   4.521222925076E+03 

CD1_1   =  -5.189971821880E-05 

CD1_2   =  -3.544531423406E-07 

CD2_1   =  -2.794906879110E-07 

CD2_2   =   5.187214020341E-05 

PV1_0   =  -4.049861724190E-04 

PV1_1   =   9.911805981409E-01 

PV1_2   =  -1.900444778098E-03 

PV1_4   =  -6.977840951237E-02 

PV1_5   =  -2.869954434368E-02 

PV1_6   =  -2.710025044709E-03 

PV1_7   =  -1.774068383655E-01 

PV1_8   =  -1.049585829807E-01 

PV1_9   =  -3.052540567496E-02 

PV1_10  =   2.730802444166E-03 

PV2_0   =   1.733447939930E-04 

PV2_1   =   1.002700344995E+00 

PV2_2   =  -1.166310120947E-03 

PV2_4   =   5.830199768983E-03 

PV2_5   =   1.047708973433E-02 

PV2_6   =  -3.470107536453E-02 

PV2_7   =   6.259145358140E-03 

PV2_8   =  -4.299516476423E-02 

PV2_9   =   6.267691589010E-02 

PV2_10  =  -1.518940848588E-01 

FGROUPNO=                    1 

ASTIRMS1=   2.035195569208E-05 

ASTIRMS2=   1.830696122120E-05 

ASTRRMS1=   4.605958295029E-05 

ASTRRMS2=   4.394560590742E-05 

ASTINST =                    1 

FLSCALE =   2.901986252959E-01 

MAGZEROP=          30.00000000 

PHOTIRMS=           0.06433078 

PHOTINST=                    1 

PHOTLINK=                    F 

RZP     =            -0.008350 

FLXSCALE=         7.988271E-03 

END



