EQUINOX =        2000.00000000 

RADESYS = 'ICRS    '           

CTYPE1  = 'RA---TAN'           

CTYPE2  = 'DEC--TAN'           

CUNIT1  = 'deg     '           

CUNIT2  = 'deg     '           

CRVAL1  =   2.094924718547E+02 

CRVAL2  =   5.483089196859E+01 

CRPIX1  =  -3.353655914582E+03 

CRPIX2  =  -5.238398293439E+03 

CD1_1   =  -5.161161595976E-05 

CD1_2   =  -3.082159443988E-08 

CD2_1   =  -4.242157502517E-07 

CD2_2   =   5.137853361172E-05 

PV1_0   =   2.144940003110E-03 

PV1_1   =   1.020016116722E+00 

PV1_2   =   1.922370571483E-03 

PV1_4   =   4.848426698518E-02 

PV1_5   =  -1.319712461574E-02 

PV1_6   =  -1.900188149266E-02 

PV1_7   =   3.914926545301E-02 

PV1_8   =  -2.042663806020E-02 

PV1_9   =  -1.896634408702E-02 

PV1_10  =   1.629579333043E-02 

PV2_0   =  -8.612634905095E-03 

PV2_1   =   1.018955897603E+00 

PV2_2   =  -5.975927579349E-02 

PV2_4   =  -1.017639980131E-02 

PV2_5   =   3.595284241733E-02 

PV2_6   =  -2.134143119998E-01 

PV2_7   =  -1.307572270651E-02 

PV2_8   =  -4.577336129164E-03 

PV2_9   =   4.556160913233E-02 

PV2_10  =  -2.685465812021E-01 

FGROUPNO=                    1 

ASTIRMS1=   2.035195569208E-05 

ASTIRMS2=   1.830696122120E-05 

ASTRRMS1=   4.828841427884E-05 

ASTRRMS2=   4.398667619985E-05 

ASTINST =                    1 

FLSCALE =   3.324545943826E-01 

MAGZEROP=          30.00000000 

PHOTIRMS=           0.06433078 

PHOTINST=                    1 

PHOTLINK=                    F 

RZP     =            -0.023795 

FLXSCALE=         9.197030E-03 

END



