EQUINOX =        2000.00000000 

RADESYS = 'ICRS    '           

CTYPE1  = 'RA---TAN'           

CTYPE2  = 'DEC--TAN'           

CUNIT1  = 'deg     '           

CUNIT2  = 'deg     '           

CRVAL1  =   2.092433085915E+02 

CRVAL2  =   5.514476509091E+01 

CRPIX1  =   3.041356499898E+03 

CRPIX2  =   4.523103930809E+03 

CD1_1   =  -5.189242947592E-05 

CD1_2   =  -2.275470961251E-07 

CD2_1   =  -2.994481507876E-07 

CD2_2   =   5.188568577596E-05 

PV1_0   =  -4.425087111969E-04 

PV1_1   =   1.010040083247E+00 

PV1_2   =  -1.273306001007E-04 

PV1_4   =  -9.203970233269E-02 

PV1_5   =  -2.252576354864E-02 

PV1_6   =  -3.270719066056E-03 

PV1_7   =   2.855962951561E-01 

PV1_8   =   9.864231187207E-02 

PV1_9   =  -4.139953723325E-02 

PV1_10  =  -1.196669065996E-02 

PV2_0   =   7.240345687479E-05 

PV2_1   =   1.001860468349E+00 

PV2_2   =   1.006528643203E-03 

PV2_4   =   1.027329442318E-02 

PV2_5   =   1.432418692292E-02 

PV2_6   =   1.771353023983E-03 

PV2_7   =  -3.048586629724E-03 

PV2_8   =  -2.918287181766E-02 

PV2_9   =  -1.447519657928E-01 

PV2_10  =  -7.697749105521E-02 

FGROUPNO=                    1 

ASTIRMS1=   2.035195569208E-05 

ASTIRMS2=   1.830696122120E-05 

ASTRRMS1=   4.953398153093E-05 

ASTRRMS2=   4.387031385565E-05 

ASTINST =                    1 

FLSCALE =   2.814911795006E-01 

MAGZEROP=          30.00000000 

PHOTIRMS=           0.06433078 

PHOTINST=                    1 

PHOTLINK=                    F 

RZP     =            -0.036151 

FLXSCALE=         7.764600E-03 

END



