EQUINOX =        2000.00000000 

RADESYS = 'ICRS    '           

CTYPE1  = 'RA---TAN'           

CTYPE2  = 'DEC--TAN'           

CUNIT1  = 'deg     '           

CUNIT2  = 'deg     '           

CRVAL1  =   2.099638406407E+02 

CRVAL2  =   5.416458261694E+01 

CRPIX1  =   5.166225769250E+03 

CRPIX2  =  -1.420053405214E+02 

CD1_1   =  -5.176918001371E-05 

CD1_2   =  -3.415725044501E-07 

CD2_1   =  -2.276717614301E-07 

CD2_2   =   5.185336616074E-05 

PV1_0   =  -2.505459447461E-03 

PV1_1   =   1.031249422274E+00 

PV1_2   =   1.806748172741E-03 

PV1_4   =  -1.300023164026E-01 

PV1_5   =  -5.647432276628E-03 

PV1_6   =   4.726633618514E-03 

PV1_7   =   1.828192404888E-01 

PV1_8   =   5.076239265983E-03 

PV1_9   =  -2.078128411290E-02 

PV1_10  =  -1.661166288080E-02 

PV2_0   =   2.367360875002E-03 

PV2_1   =   9.960947952623E-01 

PV2_2   =  -3.337558944691E-02 

PV2_4   =   1.023620352503E-02 

PV2_5   =   4.291328849218E-02 

PV2_6   =   1.501166028646E-01 

PV2_7   =  -2.801346787344E-02 

PV2_8   =  -2.777195706497E-02 

PV2_9   =  -1.032264208231E-01 

PV2_10  =  -2.173125939737E-01 

FGROUPNO=                    1 

ASTIRMS1=   2.035195569208E-05 

ASTIRMS2=   1.830696122120E-05 

ASTRRMS1=   4.967257630645E-05 

ASTRRMS2=   4.438807409180E-05 

ASTINST =                    1 

FLSCALE =   2.928753351964E-01 

MAGZEROP=          30.00000000 

PHOTIRMS=           0.06433078 

PHOTINST=                    1 

PHOTLINK=                    F 

RZP     =            -0.010683 

FLXSCALE=         8.201138E-03 

END



