EQUINOX =        2000.00000000 

RADESYS = 'ICRS    '           

CTYPE1  = 'RA---TAN'           

CTYPE2  = 'DEC--TAN'           

CUNIT1  = 'deg     '           

CUNIT2  = 'deg     '           

CRVAL1  =   2.109473743626E+02 

CRVAL2  =   5.514585769537E+01 

CRPIX1  =  -9.818298508801E+03 

CRPIX2  =  -1.658052380570E+02 

CD1_1   =  -5.087437790434E-05 

CD1_2   =  -1.440684645654E-07 

CD2_1   =  -3.869314105647E-07 

CD2_2   =   5.155310872365E-05 

PV1_0   =  -8.713903926966E-02 

PV1_1   =   5.095903039291E-01 

PV1_2   =   5.705250780983E-02 

PV1_4   =  -9.144608308138E-01 

PV1_5   =   2.255550393922E-01 

PV1_6   =  -4.421957476372E-03 

PV1_7   =  -5.659008383991E-01 

PV1_8   =   2.048176606392E-01 

PV1_9   =  -7.135620468173E-02 

PV1_10  =  -6.008224481034E-02 

PV2_0   =   1.221981045123E-01 

PV2_1   =   9.248556153252E-01 

PV2_2   =   6.581477470228E-01 

PV2_4   =   1.254516613701E-02 

PV2_5   =  -3.023642833560E-01 

PV2_6   =   1.174286863561E+00 

PV2_7   =  -3.702037245239E-02 

PV2_8   =   1.451448630317E-02 

PV2_9   =  -2.975817608508E-01 

PV2_10  =   6.944469031465E-01 

FGROUPNO=                    1 

ASTIRMS1=   2.035195569208E-05 

ASTIRMS2=   1.830696122120E-05 

ASTRRMS1=   4.605958295029E-05 

ASTRRMS2=   4.394560590742E-05 

ASTINST =                    1 

FLSCALE =   2.901986252959E-01 

MAGZEROP=          30.00000000 

PHOTIRMS=           0.06433078 

PHOTINST=                    1 

PHOTLINK=                    F 

RZP     =            -0.008350 

FLXSCALE=         7.988271E-03 

END



