EQUINOX =        2000.00000000 

RADESYS = 'ICRS    '           

CTYPE1  = 'RA---TAN'           

CTYPE2  = 'DEC--TAN'           

CUNIT1  = 'deg     '           

CUNIT2  = 'deg     '           

CRVAL1  =   2.111594653873E+02 

CRVAL2  =   5.483120594112E+01 

CRPIX1  =   9.209386670330E+02 

CRPIX2  =  -1.409603382661E+02 

CD1_1   =  -5.193784793525E-05 

CD1_2   =  -2.569445769226E-07 

CD2_1   =  -2.499007732116E-07 

CD2_2   =   5.190102329417E-05 

PV1_0   =  -5.642544415923E-06 

PV1_1   =   9.995087877944E-01 

PV1_2   =   6.243985456418E-04 

PV1_4   =  -8.039192054687E-03 

PV1_5   =   4.513591743445E-03 

PV1_6   =  -8.325797756809E-04 

PV1_7   =   4.496941707929E-01 

PV1_8   =   1.367119493519E-01 

PV1_9   =  -3.111717126034E-02 

PV1_10  =  -6.505272137844E-03 

PV2_0   =  -2.704028746039E-05 

PV2_1   =   1.000482819484E+00 

PV2_2   =   3.677556315002E-04 

PV2_4   =   5.274863786433E-03 

PV2_5   =  -4.643064839471E-03 

PV2_6   =  -1.460402466553E-02 

PV2_7   =  -3.171742223794E-02 

PV2_8   =   1.411222647748E-02 

PV2_9   =  -1.182568341607E-02 

PV2_10  =  -2.341547898697E-01 

FGROUPNO=                    1 

ASTIRMS1=   2.035195569208E-05 

ASTIRMS2=   1.830696122120E-05 

ASTRRMS1=   4.633224408468E-05 

ASTRRMS2=   4.399865583343E-05 

ASTINST =                    1 

FLSCALE =   3.128895505511E-01 

MAGZEROP=          30.00000000 

PHOTIRMS=           0.06433078 

PHOTINST=                    1 

PHOTLINK=                    F 

RZP     =             0.014678 

FLXSCALE=         8.643526E-03 

END



