EQUINOX =        2000.00000000 

RADESYS = 'ICRS    '           

CTYPE1  = 'RA---TAN'           

CTYPE2  = 'DEC--TAN'           

CUNIT1  = 'deg     '           

CUNIT2  = 'deg     '           

CRVAL1  =   2.094924718547E+02 

CRVAL2  =   5.483089196859E+01 

CRPIX1  =   9.469640542073E+03 

CRPIX2  =   4.546872096043E+03 

CD1_1   =  -5.125322784866E-05 

CD1_2   =  -1.081655903786E-07 

CD2_1   =  -3.843305113831E-07 

CD2_2   =   5.165679655451E-05 

PV1_0   =   1.688097445137E-02 

PV1_1   =   8.673557497078E-01 

PV1_2   =   4.653365413020E-03 

PV1_4   =   3.410964279491E-01 

PV1_5   =  -1.877499822828E-02 

PV1_6   =   2.313500663722E-02 

PV1_7   =  -2.892635527221E-01 

PV1_8   =   8.667338917091E-03 

PV1_9   =  -6.404432258764E-02 

PV1_10  =   1.178951623704E-02 

PV2_0   =   9.099452196604E-03 

PV2_1   =   1.043526699626E+00 

PV2_2   =  -4.872128462353E-02 

PV2_4   =  -3.258269122280E-02 

PV2_5   =  -1.938096667247E-01 

PV2_6   =   8.407437434682E-02 

PV2_7   =  -3.337888087303E-02 

PV2_8   =   6.861612363477E-02 

PV2_9   =   2.201897471414E-01 

PV2_10  =  -4.569206052665E-02 

FGROUPNO=                    1 

ASTIRMS1=   2.035195569208E-05 

ASTIRMS2=   1.830696122120E-05 

ASTRRMS1=   4.828841427884E-05 

ASTRRMS2=   4.398667619985E-05 

ASTINST =                    1 

FLSCALE =   3.324545943826E-01 

MAGZEROP=          30.00000000 

PHOTIRMS=           0.06433078 

PHOTINST=                    1 

PHOTLINK=                    F 

RZP     =            -0.023795 

FLXSCALE=         9.197030E-03 

END



