EQUINOX =        2000.00000000 

RADESYS = 'ICRS    '           

CTYPE1  = 'RA---TAN'           

CTYPE2  = 'DEC--TAN'           

CUNIT1  = 'deg     '           

CUNIT2  = 'deg     '           

CRVAL1  =   2.116306243401E+02 

CRVAL2  =   5.416479153771E+01 

CRPIX1  =  -1.208142480940E+03 

CRPIX2  =  -5.224976589739E+03 

CD1_1   =  -5.174472363793E-05 

CD1_2   =  -1.944422056253E-07 

CD2_1   =  -3.727032517782E-07 

CD2_2   =   5.143446439524E-05 

PV1_0   =  -1.450284748957E-03 

PV1_1   =   9.815642209887E-01 

PV1_2   =   8.953609200425E-03 

PV1_4   =  -8.974903379239E-02 

PV1_5   =   6.512767940569E-02 

PV1_6   =  -1.741494003992E-02 

PV1_7   =  -1.633736110806E-01 

PV1_8   =   1.097867861414E-01 

PV1_9   =  -6.840685665413E-02 

PV1_10  =   9.873218878744E-03 

PV2_0   =  -3.773219513695E-03 

PV2_1   =   1.022082442897E+00 

PV2_2   =   1.246850978508E-02 

PV2_4   =  -3.030587151589E-02 

PV2_5   =  -7.012985880453E-03 

PV2_6   =   1.276106427512E-01 

PV2_7   =   5.118667575266E-03 

PV2_8   =   1.750448992792E-02 

PV2_9   =  -1.308317977558E-02 

PV2_10  =   3.901773252338E-01 

FGROUPNO=                    1 

ASTIRMS1=   2.035195569208E-05 

ASTIRMS2=   1.830696122120E-05 

ASTRRMS1=   4.582895554590E-05 

ASTRRMS2=   4.260668060696E-05 

ASTINST =                    1 

FLSCALE =   3.521712098694E-01 

MAGZEROP=          30.00000000 

PHOTIRMS=           0.06433078 

PHOTINST=                    1 

PHOTLINK=                    F 

RZP     =            -0.011171 

FLXSCALE=         9.796784E-03 

END



