EQUINOX =        2000.00000000 

RADESYS = 'ICRS    '           

CTYPE1  = 'RA---TAN'           

CTYPE2  = 'DEC--TAN'           

CUNIT1  = 'deg     '           

CUNIT2  = 'deg     '           

CRVAL1  =   2.116306243401E+02 

CRVAL2  =   5.416479153771E+01 

CRPIX1  =  -5.464465400719E+03 

CRPIX2  =   4.528805497881E+03 

CD1_1   =  -5.155610653601E-05 

CD1_2   =  -4.085072169853E-07 

CD2_1   =  -2.085668955762E-07 

CD2_2   =   5.176226714733E-05 

PV1_0   =  -3.337966897518E-02 

PV1_1   =   6.847566634549E-01 

PV1_2   =   1.054114496774E-02 

PV1_4   =  -9.818483719791E-01 

PV1_5   =   5.965517405578E-02 

PV1_6   =  -2.058192886971E-02 

PV1_7   =  -1.011141633089E+00 

PV1_8   =   1.082500259350E-01 

PV1_9   =  -1.090538855554E-01 

PV1_10  =   2.355045810943E-02 

PV2_0   =  -4.810970107165E-03 

PV2_1   =   1.006250096983E+00 

PV2_2   =  -4.754550916173E-02 

PV2_4   =   3.721679802657E-02 

PV2_5   =  -7.301724860362E-03 

PV2_6   =  -1.479695596639E-01 

PV2_7   =  -2.384649361852E-02 

PV2_8   =   1.019245273173E-01 

PV2_9   =  -5.998910726332E-02 

PV2_10  =  -1.473945806547E-01 

FGROUPNO=                    1 

ASTIRMS1=   2.035195569208E-05 

ASTIRMS2=   1.830696122120E-05 

ASTRRMS1=   4.582895554590E-05 

ASTRRMS2=   4.260668060696E-05 

ASTINST =                    1 

FLSCALE =   3.521712098694E-01 

MAGZEROP=          30.00000000 

PHOTIRMS=           0.06433078 

PHOTINST=                    1 

PHOTLINK=                    F 

RZP     =            -0.011171 

FLXSCALE=         9.796784E-03 

END



