EQUINOX =        2000.00000000 

RADESYS = 'ICRS    '           

CTYPE1  = 'RA---TAN'           

CTYPE2  = 'DEC--TAN'           

CUNIT1  = 'deg     '           

CUNIT2  = 'deg     '           

CRVAL1  =   2.094924718547E+02 

CRVAL2  =   5.483089196859E+01 

CRPIX1  =  -7.662851659325E+03 

CRPIX2  =   9.657174098945E+03 

CD1_1   =  -5.114653921484E-05 

CD1_2   =  -5.747392259687E-07 

CD2_1   =   1.225760558573E-07 

CD2_2   =   5.123514420164E-05 

PV1_0   =  -1.394834741378E-02 

PV1_1   =   8.824826271319E-01 

PV1_2   =  -3.922646530070E-03 

PV1_4   =  -3.478994723869E-01 

PV1_5   =   8.036913035675E-02 

PV1_6   =  -7.741034155089E-02 

PV1_7   =  -3.248127428518E-01 

PV1_8   =   1.104426338840E-01 

PV1_9   =  -4.962411501686E-02 

PV1_10  =  -5.737720926181E-02 

PV2_0   =   6.631481796659E-03 

PV2_1   =   1.001276760841E+00 

PV2_2   =   3.468153983733E-02 

PV2_4   =   1.776087908143E-02 

PV2_5   =  -8.899347462015E-02 

PV2_6   =   1.148259761284E-01 

PV2_7   =   1.174394377541E-02 

PV2_8   =  -5.127555363733E-02 

PV2_9   =  -8.370159022172E-02 

PV2_10  =   1.145765928297E-01 

FGROUPNO=                    1 

ASTIRMS1=   2.035195569208E-05 

ASTIRMS2=   1.830696122120E-05 

ASTRRMS1=   4.828841427884E-05 

ASTRRMS2=   4.398667619985E-05 

ASTINST =                    1 

FLSCALE =   3.324545943826E-01 

MAGZEROP=          30.00000000 

PHOTIRMS=           0.06433078 

PHOTINST=                    1 

PHOTLINK=                    F 

RZP     =            -0.023795 

FLXSCALE=         9.197030E-03 

END



