EQUINOX =        2000.00000000 

RADESYS = 'ICRS    '           

CTYPE1  = 'RA---TAN'           

CTYPE2  = 'DEC--TAN'           

CUNIT1  = 'deg     '           

CUNIT2  = 'deg     '           

CRVAL1  =   2.099638406407E+02 

CRVAL2  =   5.416458261694E+01 

CRPIX1  =   7.307205467817E+03 

CRPIX2  =   4.535512091622E+03 

CD1_1   =  -5.155967322088E-05 

CD1_2   =  -2.004535536672E-07 

CD2_1   =  -3.967769803528E-07 

CD2_2   =   5.176738297107E-05 

PV1_0   =  -6.076441052608E-03 

PV1_1   =   1.040258123178E+00 

PV1_2   =  -1.223185534866E-02 

PV1_4   =  -7.586081912640E-02 

PV1_5   =   6.941061921858E-02 

PV1_6   =   1.421310921918E-02 

PV1_7   =   3.043232340372E-02 

PV1_8   =  -1.138038360571E-01 

PV1_9   =  -6.711197215637E-02 

PV1_10  =   1.504008554392E-03 

PV2_0   =   4.861781825514E-03 

PV2_1   =   1.016221948100E+00 

PV2_2   =  -3.573305257006E-02 

PV2_4   =  -6.491345856896E-03 

PV2_5   =  -8.152168069897E-02 

PV2_6   =   8.987502151660E-02 

PV2_7   =  -3.836265998642E-02 

PV2_8   =   4.244645679758E-03 

PV2_9   =   1.027448009561E-01 

PV2_10  =  -7.714024874360E-02 

FGROUPNO=                    1 

ASTIRMS1=   2.035195569208E-05 

ASTIRMS2=   1.830696122120E-05 

ASTRRMS1=   4.967257630645E-05 

ASTRRMS2=   4.438807409180E-05 

ASTINST =                    1 

FLSCALE =   2.928753351964E-01 

MAGZEROP=          30.00000000 

PHOTIRMS=           0.06433078 

PHOTINST=                    1 

PHOTLINK=                    F 

RZP     =            -0.010683 

FLXSCALE=         8.201138E-03 

END



