EQUINOX =        2000.00000000 

RADESYS = 'ICRS    '           

CTYPE1  = 'RA---TAN'           

CTYPE2  = 'DEC--TAN'           

CUNIT1  = 'deg     '           

CUNIT2  = 'deg     '           

CRVAL1  =   2.111594653873E+02 

CRVAL2  =   5.483120594112E+01 

CRPIX1  =   7.340788076396E+03 

CRPIX2  =  -5.246980953966E+03 

CD1_1   =  -5.142763411425E-05 

CD1_2   =  -5.244184209154E-07 

CD2_1   =   2.068790871136E-08 

CD2_2   =   5.136216219172E-05 

PV1_0   =  -9.913663945171E-03 

PV1_1   =   1.076492169214E+00 

PV1_2   =   4.666041388150E-03 

PV1_4   =  -2.196894467580E-01 

PV1_5   =  -1.235964305982E-02 

PV1_6   =   9.946423668983E-03 

PV1_7   =   2.333767217071E-01 

PV1_8   =  -1.597011405345E-02 

PV1_9   =   1.896603094612E-03 

PV1_10  =  -1.607124153395E-02 

PV2_0   =   3.109728493003E-03 

PV2_1   =   1.019681122196E+00 

PV2_2   =  -7.086859670390E-02 

PV2_4   =   4.227198316119E-03 

PV2_5   =  -5.978803354323E-02 

PV2_6   =   2.760649745860E-01 

PV2_7   =  -2.912383293778E-02 

PV2_8   =   9.149154748729E-03 

PV2_9   =   6.275211810044E-02 

PV2_10  =  -3.246817981528E-01 

FGROUPNO=                    1 

ASTIRMS1=   2.035195569208E-05 

ASTIRMS2=   1.830696122120E-05 

ASTRRMS1=   4.633224408468E-05 

ASTRRMS2=   4.399865583343E-05 

ASTINST =                    1 

FLSCALE =   3.128895505511E-01 

MAGZEROP=          30.00000000 

PHOTIRMS=           0.06433078 

PHOTINST=                    1 

PHOTLINK=                    F 

RZP     =             0.014678 

FLXSCALE=         8.643526E-03 

END



