EQUINOX =        2000.00000000 

RADESYS = 'ICRS    '           

CTYPE1  = 'RA---TAN'           

CTYPE2  = 'DEC--TAN'           

CUNIT1  = 'deg     '           

CUNIT2  = 'deg     '           

CRVAL1  =   2.099638406407E+02 

CRVAL2  =   5.416458261694E+01 

CRPIX1  =   9.469640542073E+03 

CRPIX2  =   4.546872096043E+03 

CD1_1   =  -5.125697008034E-05 

CD1_2   =  -1.424747234114E-07 

CD2_1   =  -4.184668170037E-07 

CD2_2   =   5.166026206675E-05 

PV1_0   =   1.694346929772E-02 

PV1_1   =   8.674257677392E-01 

PV1_2   =   4.832844672809E-03 

PV1_4   =   3.410964279491E-01 

PV1_5   =  -1.877499822828E-02 

PV1_6   =   2.313500663722E-02 

PV1_7   =  -2.892635527221E-01 

PV1_8   =   8.667338917091E-03 

PV1_9   =  -6.404432258764E-02 

PV1_10  =   1.178951623704E-02 

PV2_0   =   9.158569334316E-03 

PV2_1   =   1.043472245410E+00 

PV2_2   =  -4.869244724440E-02 

PV2_4   =  -3.258269122280E-02 

PV2_5   =  -1.938096667247E-01 

PV2_6   =   8.407437434682E-02 

PV2_7   =  -3.337888087303E-02 

PV2_8   =   6.861612363477E-02 

PV2_9   =   2.201897471414E-01 

PV2_10  =  -4.569206052665E-02 

FGROUPNO=                    1 

ASTIRMS1=   2.035195569208E-05 

ASTIRMS2=   1.830696122120E-05 

ASTRRMS1=   4.967257630645E-05 

ASTRRMS2=   4.438807409180E-05 

ASTINST =                    1 

FLSCALE =   2.928753351964E-01 

MAGZEROP=          30.00000000 

PHOTIRMS=           0.06433078 

PHOTINST=                    1 

PHOTLINK=                    F 

RZP     =            -0.010683 

FLXSCALE=         8.201138E-03 

END



