EQUINOX =        2000.00000000 

RADESYS = 'ICRS    '           

CTYPE1  = 'RA---TAN'           

CTYPE2  = 'DEC--TAN'           

CUNIT1  = 'deg     '           

CUNIT2  = 'deg     '           

CRVAL1  =   2.116306243401E+02 

CRVAL2  =   5.416479153771E+01 

CRPIX1  =   5.190464094400E+03 

CRPIX2  =   9.610555404725E+03 

CD1_1   =  -5.161835086054E-05 

CD1_2   =  -8.606169454930E-08 

CD2_1   =  -4.448554680580E-07 

CD2_2   =   5.139109957439E-05 

PV1_0   =   3.192543158701E-04 

PV1_1   =   9.712093191515E-01 

PV1_2   =  -7.927233079801E-03 

PV1_4   =   1.851543481135E-01 

PV1_5   =   2.838717751177E-02 

PV1_6   =  -5.456751943888E-03 

PV1_7   =  -3.029532317869E-01 

PV1_8   =   9.029369503393E-03 

PV1_9   =   2.654193658294E-02 

PV1_10  =   4.155319022653E-03 

PV2_0   =   2.342586919818E-06 

PV2_1   =   1.000940475281E+00 

PV2_2   =   2.545458093659E-02 

PV2_4   =  -2.917303856008E-02 

PV2_5   =   2.698437637327E-03 

PV2_6   =  -1.379445003524E-01 

PV2_7   =  -5.017119671078E-02 

PV2_8   =   8.201765456264E-03 

PV2_9   =  -2.269000133618E-02 

PV2_10  =   2.198130367234E-01 

FGROUPNO=                    1 

ASTIRMS1=   2.035195569208E-05 

ASTIRMS2=   1.830696122120E-05 

ASTRRMS1=   4.582895554590E-05 

ASTRRMS2=   4.260668060696E-05 

ASTINST =                    1 

FLSCALE =   3.521712098694E-01 

MAGZEROP=          30.00000000 

PHOTIRMS=           0.06433078 

PHOTINST=                    1 

PHOTLINK=                    F 

RZP     =            -0.011171 

FLXSCALE=         9.796784E-03 

END



