EQUINOX =        2000.00000000 

RADESYS = 'ICRS    '           

CTYPE1  = 'RA---TAN'           

CTYPE2  = 'DEC--TAN'           

CUNIT1  = 'deg     '           

CUNIT2  = 'deg     '           

CRVAL1  =   2.094924718547E+02 

CRVAL2  =   5.483089196859E+01 

CRPIX1  =   7.307205467817E+03 

CRPIX2  =   4.535512091622E+03 

CD1_1   =  -5.155589284818E-05 

CD1_2   =  -1.660687543425E-07 

CD2_1   =  -3.624407445155E-07 

CD2_2   =   5.176394865661E-05 

PV1_0   =  -6.138935898953E-03 

PV1_1   =   1.040188105147E+00 

PV1_2   =  -1.241133460845E-02 

PV1_4   =  -7.586081912640E-02 

PV1_5   =   6.941061921858E-02 

PV1_6   =   1.421310921918E-02 

PV1_7   =   3.043232340372E-02 

PV1_8   =  -1.138038360571E-01 

PV1_9   =  -6.711197215637E-02 

PV1_10  =   1.504008554392E-03 

PV2_0   =   4.802664687802E-03 

PV2_1   =   1.016276402316E+00 

PV2_2   =  -3.576188994919E-02 

PV2_4   =  -6.491345856896E-03 

PV2_5   =  -8.152168069897E-02 

PV2_6   =   8.987502151660E-02 

PV2_7   =  -3.836265998642E-02 

PV2_8   =   4.244645679758E-03 

PV2_9   =   1.027448009561E-01 

PV2_10  =  -7.714024874360E-02 

FGROUPNO=                    1 

ASTIRMS1=   2.035195569208E-05 

ASTIRMS2=   1.830696122120E-05 

ASTRRMS1=   4.828841427884E-05 

ASTRRMS2=   4.398667619985E-05 

ASTINST =                    1 

FLSCALE =   3.324545943826E-01 

MAGZEROP=          30.00000000 

PHOTIRMS=           0.06433078 

PHOTINST=                    1 

PHOTLINK=                    F 

RZP     =            -0.023795 

FLXSCALE=         9.197030E-03 

END



