EQUINOX =        2000.00000000 

RADESYS = 'ICRS    '           

CTYPE1  = 'RA---TAN'           

CTYPE2  = 'DEC--TAN'           

CUNIT1  = 'deg     '           

CUNIT2  = 'deg     '           

CRVAL1  =   2.092433085915E+02 

CRVAL2  =   5.514476509091E+01 

CRPIX1  =  -3.348346382322E+03 

CRPIX2  =   9.612743843815E+03 

CD1_1   =  -5.161744990198E-05 

CD1_2   =  -4.794226135083E-07 

CD2_1   =  -1.319557165238E-07 

CD2_2   =   5.137384302785E-05 

PV1_0   =  -3.309603908432E-03 

PV1_1   =   9.408131847611E-01 

PV1_2   =   8.920260448648E-04 

PV1_4   =  -3.005273910152E-01 

PV1_5   =  -1.770484118863E-03 

PV1_6   =  -6.088204896594E-03 

PV1_7   =  -4.063656609114E-01 

PV1_8   =  -1.380249738960E-01 

PV1_9   =   5.984740643252E-02 

PV1_10  =  -2.093594668051E-02 

PV2_0   =   8.824413718214E-03 

PV2_1   =   1.005795807990E+00 

PV2_2   =   8.897110729394E-02 

PV2_4   =  -3.185359477199E-02 

PV2_5   =   5.636232060806E-02 

PV2_6   =   3.347875637024E-01 

PV2_7   =  -4.575280479918E-02 

PV2_8   =  -3.591473924898E-02 

PV2_9   =   1.652718311712E-01 

PV2_10  =   3.856214377978E-01 

FGROUPNO=                    1 

ASTIRMS1=   2.035195569208E-05 

ASTIRMS2=   1.830696122120E-05 

ASTRRMS1=   4.953398153093E-05 

ASTRRMS2=   4.387031385565E-05 

ASTINST =                    1 

FLSCALE =   2.814911795006E-01 

MAGZEROP=          30.00000000 

PHOTIRMS=           0.06433078 

PHOTINST=                    1 

PHOTLINK=                    F 

RZP     =            -0.036151 

FLXSCALE=         7.764600E-03 

END



