EQUINOX =        2000.00000000 

RADESYS = 'ICRS    '           

CTYPE1  = 'RA---TAN'           

CTYPE2  = 'DEC--TAN'           

CUNIT1  = 'deg     '           

CUNIT2  = 'deg     '           

CRVAL1  =   2.109473743626E+02 

CRVAL2  =   5.514585769537E+01 

CRPIX1  =   7.345026987845E+03 

CRPIX2  =   9.631180762095E+03 

CD1_1   =  -5.139769620296E-05 

CD1_2   =   1.700922949467E-08 

CD2_1   =  -5.315955101759E-07 

CD2_2   =   5.131048678959E-05 

PV1_0   =  -1.034765341613E-03 

PV1_1   =   9.775633266182E-01 

PV1_2   =  -1.293410664134E-02 

PV1_4   =   1.378002773990E-01 

PV1_5   =   5.802821743539E-02 

PV1_6   =   4.407718452198E-03 

PV1_7   =  -1.928174146818E-01 

PV1_8   =  -6.996056384451E-02 

PV1_9   =  -5.823084320022E-03 

PV1_10  =   9.425967619796E-03 

PV2_0   =   5.077981947957E-03 

PV2_1   =   1.002835290169E+00 

PV2_2   =  -2.497565187381E-02 

PV2_4   =  -3.369262892549E-02 

PV2_5   =  -1.210016682285E-02 

PV2_6   =   5.568477056400E-02 

PV2_7   =  -6.489205749162E-02 

PV2_8   =  -3.136867308706E-02 

PV2_9   =  -4.201941518809E-02 

PV2_10  =  -6.572121910303E-02 

FGROUPNO=                    1 

ASTIRMS1=   2.035195569208E-05 

ASTIRMS2=   1.830696122120E-05 

ASTRRMS1=   4.605958295029E-05 

ASTRRMS2=   4.394560590742E-05 

ASTINST =                    1 

FLSCALE =   2.901986252959E-01 

MAGZEROP=          30.00000000 

PHOTIRMS=           0.06433078 

PHOTINST=                    1 

PHOTLINK=                    F 

RZP     =            -0.008350 

FLXSCALE=         7.988271E-03 

END



