EQUINOX =        2000.00000000 

RADESYS = 'ICRS    '           

CTYPE1  = 'RA---TAN'           

CTYPE2  = 'DEC--TAN'           

CUNIT1  = 'deg     '           

CUNIT2  = 'deg     '           

CRVAL1  =   2.094924718547E+02 

CRVAL2  =   5.483089196859E+01 

CRPIX1  =   7.345026987845E+03 

CRPIX2  =   9.631180762095E+03 

CD1_1   =  -5.139444138169E-05 

CD1_2   =   4.928706284332E-08 

CD2_1   =  -4.997064685395E-07 

CD2_2   =   5.130740090216E-05 

PV1_0   =  -1.067964531607E-03 

PV1_1   =   9.775014702216E-01 

PV1_2   =  -1.320233156713E-02 

PV1_4   =   1.378002773990E-01 

PV1_5   =   5.802821743539E-02 

PV1_6   =   4.407718452198E-03 

PV1_7   =  -1.928174146818E-01 

PV1_8   =  -6.996056384451E-02 

PV1_9   =  -5.823084320022E-03 

PV1_10  =   9.425967619796E-03 

PV2_0   =   5.021337238222E-03 

PV2_1   =   1.002873159365E+00 

PV2_2   =  -2.492364668704E-02 

PV2_4   =  -3.369262892549E-02 

PV2_5   =  -1.210016682285E-02 

PV2_6   =   5.568477056400E-02 

PV2_7   =  -6.489205749162E-02 

PV2_8   =  -3.136867308706E-02 

PV2_9   =  -4.201941518809E-02 

PV2_10  =  -6.572121910303E-02 

FGROUPNO=                    1 

ASTIRMS1=   2.035195569208E-05 

ASTIRMS2=   1.830696122120E-05 

ASTRRMS1=   4.828841427884E-05 

ASTRRMS2=   4.398667619985E-05 

ASTINST =                    1 

FLSCALE =   3.324545943826E-01 

MAGZEROP=          30.00000000 

PHOTIRMS=           0.06433078 

PHOTINST=                    1 

PHOTLINK=                    F 

RZP     =            -0.023795 

FLXSCALE=         9.197030E-03 

END



