EQUINOX =        2000.00000000 

RADESYS = 'ICRS    '           

CTYPE1  = 'RA---TAN'           

CTYPE2  = 'DEC--TAN'           

CUNIT1  = 'deg     '           

CUNIT2  = 'deg     '           

CRVAL1  =   2.116306243401E+02 

CRVAL2  =   5.416479153771E+01 

CRPIX1  =  -5.498527901492E+03 

CRPIX2  =   9.634502559807E+03 

CD1_1   =  -5.142418412554E-05 

CD1_2   =  -5.565233676717E-07 

CD2_1   =   5.381481633151E-09 

CD2_2   =   5.130365493688E-05 

PV1_0   =   1.122227246562E-02 

PV1_1   =   1.088258347431E+00 

PV1_2   =   3.749735593949E-03 

PV1_4   =   2.501968524419E-01 

PV1_5   =   8.044083438410E-03 

PV1_6   =  -9.564471468847E-03 

PV1_7   =   2.556788158628E-01 

PV1_8   =  -1.690864849766E-02 

PV1_9   =  -7.369206679357E-04 

PV1_10  =  -1.560809520104E-02 

PV2_0   =   9.469448576216E-03 

PV2_1   =   1.015378514230E+00 

PV2_2   =   4.431383165309E-02 

PV2_4   =  -9.599956148274E-03 

PV2_5   =   3.457272780777E-02 

PV2_6   =   7.917809410129E-02 

PV2_7   =  -1.231764131885E-02 

PV2_8   =  -7.377797112976E-02 

PV2_9   =   1.104949646101E-01 

PV2_10  =   1.025587462200E-02 

FGROUPNO=                    1 

ASTIRMS1=   2.035195569208E-05 

ASTIRMS2=   1.830696122120E-05 

ASTRRMS1=   4.582895554590E-05 

ASTRRMS2=   4.260668060696E-05 

ASTINST =                    1 

FLSCALE =   3.521712098694E-01 

MAGZEROP=          30.00000000 

PHOTIRMS=           0.06433078 

PHOTINST=                    1 

PHOTLINK=                    F 

RZP     =            -0.011171 

FLXSCALE=         9.796784E-03 

END



