EQUINOX =        2000.00000000 

RADESYS = 'ICRS    '           

CTYPE1  = 'RA---TAN'           

CTYPE2  = 'DEC--TAN'           

CUNIT1  = 'deg     '           

CUNIT2  = 'deg     '           

CRVAL1  =   2.116306243401E+02 

CRVAL2  =   5.416479153771E+01 

CRPIX1  =  -5.465929976838E+03 

CRPIX2  =  -1.518113104683E+02 

CD1_1   =  -5.155604176485E-05 

CD1_2   =  -1.782658762718E-07 

CD2_1   =  -3.486332074463E-07 

CD2_2   =   5.178072442517E-05 

PV1_0   =   1.707618191379E-03 

PV1_1   =   1.008540062046E+00 

PV1_2   =  -7.027279311019E-04 

PV1_4   =   1.062669889441E-02 

PV1_5   =   2.465543387458E-02 

PV1_6   =   2.688264783730E-02 

PV1_7   =  -1.811230576690E-03 

PV1_8   =   5.700993329198E-02 

PV1_9   =   4.627872131919E-02 

PV1_10  =  -6.727212235023E-03 

PV2_0   =  -5.840902695270E-03 

PV2_1   =   1.000013925868E+00 

PV2_2   =  -4.922009326120E-02 

PV2_4   =   6.987639970661E-03 

PV2_5   =  -1.484447742623E-02 

PV2_6   =  -1.436035448620E-01 

PV2_7   =  -2.748557023227E-02 

PV2_8   =   1.482370971637E-02 

PV2_9   =  -3.467749441235E-02 

PV2_10  =  -1.428173316822E-01 

FGROUPNO=                    1 

ASTIRMS1=   2.035195569208E-05 

ASTIRMS2=   1.830696122120E-05 

ASTRRMS1=   4.582895554590E-05 

ASTRRMS2=   4.260668060696E-05 

ASTINST =                    1 

FLSCALE =   3.521712098694E-01 

MAGZEROP=          30.00000000 

PHOTIRMS=           0.06433078 

PHOTINST=                    1 

PHOTLINK=                    F 

RZP     =            -0.011171 

FLXSCALE=         9.796784E-03 

END



