EQUINOX =        2000.00000000 

RADESYS = 'ICRS    '           

CTYPE1  = 'RA---TAN'           

CTYPE2  = 'DEC--TAN'           

CUNIT1  = 'deg     '           

CUNIT2  = 'deg     '           

CRVAL1  =   2.092433085915E+02 

CRVAL2  =   5.514476509091E+01 

CRPIX1  =  -7.662851659325E+03 

CRPIX2  =   9.657174098945E+03 

CD1_1   =  -5.115034281528E-05 

CD1_2   =  -6.035054985828E-07 

CD2_1   =   9.098134059829E-08 

CD2_2   =   5.123817951326E-05 

PV1_0   =  -1.394660040362E-02 

PV1_1   =   8.825125683727E-01 

PV1_2   =  -3.777655879910E-03 

PV1_4   =  -3.478994723869E-01 

PV1_5   =   8.036913035675E-02 

PV1_6   =  -7.741034155089E-02 

PV1_7   =  -3.248127428518E-01 

PV1_8   =   1.104426338840E-01 

PV1_9   =  -4.962411501686E-02 

PV1_10  =  -5.737720926181E-02 

PV2_0   =   6.702528874326E-03 

PV2_1   =   1.001224072593E+00 

PV2_2   =   3.469586085679E-02 

PV2_4   =   1.776087908143E-02 

PV2_5   =  -8.899347462015E-02 

PV2_6   =   1.148259761284E-01 

PV2_7   =   1.174394377541E-02 

PV2_8   =  -5.127555363733E-02 

PV2_9   =  -8.370159022172E-02 

PV2_10  =   1.145765928297E-01 

FGROUPNO=                    1 

ASTIRMS1=   2.035195569208E-05 

ASTIRMS2=   1.830696122120E-05 

ASTRRMS1=   4.953398153093E-05 

ASTRRMS2=   4.387031385565E-05 

ASTINST =                    1 

FLSCALE =   2.814911795006E-01 

MAGZEROP=          30.00000000 

PHOTIRMS=           0.06433078 

PHOTINST=                    1 

PHOTLINK=                    F 

RZP     =            -0.036151 

FLXSCALE=         7.764600E-03 

END



