EQUINOX =        2000.00000000 

RADESYS = 'ICRS    '           

CTYPE1  = 'RA---TAN'           

CTYPE2  = 'DEC--TAN'           

CUNIT1  = 'deg     '           

CUNIT2  = 'deg     '           

CRVAL1  =   2.116306243401E+02 

CRVAL2  =   5.416479153771E+01 

CRPIX1  =  -9.818298508801E+03 

CRPIX2  =  -1.658052380570E+02 

CD1_1   =  -5.087423379092E-05 

CD1_2   =  -1.443607761228E-07 

CD2_1   =  -3.870974187747E-07 

CD2_2   =   5.155397228101E-05 

PV1_0   =  -8.712685646788E-02 

PV1_1   =   5.096165073568E-01 

PV1_2   =   5.699433659698E-02 

PV1_4   =  -9.144608308138E-01 

PV1_5   =   2.255550393922E-01 

PV1_6   =  -4.421957476372E-03 

PV1_7   =  -5.659008383991E-01 

PV1_8   =   2.048176606392E-01 

PV1_9   =  -7.135620468173E-02 

PV1_10  =  -6.008224481034E-02 

PV2_0   =   1.221925237673E-01 

PV2_1   =   9.248337191938E-01 

PV2_2   =   6.582080588425E-01 

PV2_4   =   1.254516613701E-02 

PV2_5   =  -3.023642833560E-01 

PV2_6   =   1.174286863561E+00 

PV2_7   =  -3.702037245239E-02 

PV2_8   =   1.451448630317E-02 

PV2_9   =  -2.975817608508E-01 

PV2_10  =   6.944469031465E-01 

FGROUPNO=                    1 

ASTIRMS1=   2.035195569208E-05 

ASTIRMS2=   1.830696122120E-05 

ASTRRMS1=   4.582895554590E-05 

ASTRRMS2=   4.260668060696E-05 

ASTINST =                    1 

FLSCALE =   3.521712098694E-01 

MAGZEROP=          30.00000000 

PHOTIRMS=           0.06433078 

PHOTINST=                    1 

PHOTLINK=                    F 

RZP     =            -0.011171 

FLXSCALE=         9.796784E-03 

END



