EQUINOX =        2000.00000000 

RADESYS = 'ICRS    '           

CTYPE1  = 'RA---TAN'           

CTYPE2  = 'DEC--TAN'           

CUNIT1  = 'deg     '           

CUNIT2  = 'deg     '           

CRVAL1  =   2.099638406407E+02 

CRVAL2  =   5.416458261694E+01 

CRPIX1  =   5.190464094400E+03 

CRPIX2  =   9.610555404725E+03 

CD1_1   =  -5.161892410959E-05 

CD1_2   =  -8.756082012856E-08 

CD2_1   =  -4.470445965598E-07 

CD2_2   =   5.139069507597E-05 

PV1_0   =   3.363671704359E-04 

PV1_1   =   9.711912773587E-01 

PV1_2   =  -7.957807532944E-03 

PV1_4   =   1.851543481135E-01 

PV1_5   =   2.838717751177E-02 

PV1_6   =  -5.456751943888E-03 

PV1_7   =  -3.029532317869E-01 

PV1_8   =   9.029369503393E-03 

PV1_9   =   2.654193658294E-02 

PV1_10  =   4.155319022653E-03 

PV2_0   =   1.039575994502E-05 

PV2_1   =   1.000945786393E+00 

PV2_2   =   2.547511168279E-02 

PV2_4   =  -2.917303856008E-02 

PV2_5   =   2.698437637327E-03 

PV2_6   =  -1.379445003524E-01 

PV2_7   =  -5.017119671078E-02 

PV2_8   =   8.201765456264E-03 

PV2_9   =  -2.269000133618E-02 

PV2_10  =   2.198130367234E-01 

FGROUPNO=                    1 

ASTIRMS1=   2.035195569208E-05 

ASTIRMS2=   1.830696122120E-05 

ASTRRMS1=   4.967257630645E-05 

ASTRRMS2=   4.438807409180E-05 

ASTINST =                    1 

FLSCALE =   2.928753351964E-01 

MAGZEROP=          30.00000000 

PHOTIRMS=           0.06433078 

PHOTINST=                    1 

PHOTLINK=                    F 

RZP     =            -0.010683 

FLXSCALE=         8.201138E-03 

END



