EQUINOX =        2000.00000000 

RADESYS = 'ICRS    '           

CTYPE1  = 'RA---TAN'           

CTYPE2  = 'DEC--TAN'           

CUNIT1  = 'deg     '           

CUNIT2  = 'deg     '           

CRVAL1  =   2.100605639267E+02 

CRVAL2  =   5.385102831586E+01 

CRPIX1  =  -1.209537076924E+03 

CRPIX2  =   9.608077233259E+03 

CD1_1   =  -5.174405289161E-05 

CD1_2   =  -3.564626580252E-07 

CD2_1   =  -1.439439006485E-07 

CD2_2   =   5.141050895279E-05 

PV1_0   =   5.474080893215E-03 

PV1_1   =   1.022268484769E+00 

PV1_2   =   3.387160896177E-02 

PV1_4   =   3.591233672870E-02 

PV1_5   =   7.006491916283E-02 

PV1_6   =   7.358480224745E-02 

PV1_7   =  -5.940584201240E-02 

PV1_8   =   1.135511364372E-01 

PV1_9   =   3.288802525603E-02 

PV1_10  =   5.779864084513E-02 

PV2_0   =  -6.868794165020E-04 

PV2_1   =   9.737106329090E-01 

PV2_2   =   2.807540076146E-02 

PV2_4   =  -1.032089069835E-01 

PV2_5   =   7.706225116929E-03 

PV2_6   =   2.091188988521E-01 

PV2_7   =  -1.129558911233E-01 

PV2_8   =  -3.933902501330E-02 

PV2_9   =   1.118782804481E-01 

PV2_10  =   4.665765764599E-01 

FGROUPNO=                    1 

ASTIRMS1=   2.035195569208E-05 

ASTIRMS2=   1.830696122120E-05 

ASTRRMS1=   4.957464106769E-05 

ASTRRMS2=   4.314082683626E-05 

ASTINST =                    1 

FLSCALE =   3.474980022882E-01 

MAGZEROP=          30.00000000 

PHOTIRMS=           0.06433078 

PHOTINST=                    1 

PHOTLINK=                    F 

RZP     =             0.026222 

FLXSCALE=         9.747731E-03 

END



