EQUINOX =        2000.00000000 

RADESYS = 'ICRS    '           

CTYPE1  = 'RA---TAN'           

CTYPE2  = 'DEC--TAN'           

CUNIT1  = 'deg     '           

CUNIT2  = 'deg     '           

CRVAL1  =   2.092433085915E+02 

CRVAL2  =   5.514476509091E+01 

CRPIX1  =   3.051586342315E+03 

CRPIX2  =  -5.223633053566E+03 

CD1_1   =  -5.175028598514E-05 

CD1_2   =  -3.640327210626E-07 

CD2_1   =  -2.251632585588E-07 

CD2_2   =   5.144342395237E-05 

PV1_0   =  -7.622085743715E-04 

PV1_1   =   1.009126071379E+00 

PV1_2   =   1.329713130295E-03 

PV1_4   =  -1.115588398884E-02 

PV1_5   =  -2.231872433003E-02 

PV1_6   =   2.841260383300E-03 

PV1_7   =  -8.644740980712E-02 

PV1_8   =   7.753705698444E-02 

PV1_9   =  -9.774522334456E-03 

PV1_10  =  -3.249853958648E-03 

PV2_0   =  -4.076656078461E-03 

PV2_1   =   1.023945497191E+00 

PV2_2   =  -3.850686009382E-03 

PV2_4   =  -3.748575432221E-02 

PV2_5   =   1.653491177784E-02 

PV2_6   =   9.937908090553E-03 

PV2_7   =   1.008603116024E-02 

PV2_8   =  -6.621637221491E-03 

PV2_9   =  -7.713187353162E-02 

PV2_10  =   5.592608684679E-02 

FGROUPNO=                    1 

ASTIRMS1=   2.035195569208E-05 

ASTIRMS2=   1.830696122120E-05 

ASTRRMS1=   4.953398153093E-05 

ASTRRMS2=   4.387031385565E-05 

ASTINST =                    1 

FLSCALE =   2.814911795006E-01 

MAGZEROP=          30.00000000 

PHOTIRMS=           0.06433078 

PHOTINST=                    1 

PHOTLINK=                    F 

RZP     =            -0.036151 

FLXSCALE=         7.764600E-03 

END



