EQUINOX =        2000.00000000 

RADESYS = 'ICRS    '           

CTYPE1  = 'RA---TAN'           

CTYPE2  = 'DEC--TAN'           

CUNIT1  = 'deg     '           

CUNIT2  = 'deg     '           

CRVAL1  =   2.116306243401E+02 

CRVAL2  =   5.416479153771E+01 

CRPIX1  =   9.209254249552E+02 

CRPIX2  =   9.603291123420E+03 

CD1_1   =  -5.179234110850E-05 

CD1_2   =  -2.911594779125E-07 

CD2_1   =  -2.709488458661E-07 

CD2_2   =   5.141760783959E-05 

PV1_0   =   1.541634398756E-04 

PV1_1   =   1.003867994523E+00 

PV1_2   =   8.890208170722E-04 

PV1_4   =   3.367915307257E-02 

PV1_5   =   1.990156897299E-03 

PV1_6   =   1.392982538208E-03 

PV1_7   =   5.017791370817E-02 

PV1_8   =   7.097145014671E-02 

PV1_9   =  -2.308153593593E-02 

PV1_10  =   9.600151096990E-04 

PV2_0   =   3.144984515468E-03 

PV2_1   =   1.016080573307E+00 

PV2_2   =  -2.212658974657E-03 

PV2_4   =   1.643468771332E-02 

PV2_5   =  -1.259482754276E-02 

PV2_6   =   1.566642623891E-02 

PV2_7   =  -8.657044817720E-03 

PV2_8   =  -1.470737449563E-02 

PV2_9   =   4.610200275409E-03 

PV2_10  =   1.742178410221E-01 

FGROUPNO=                    1 

ASTIRMS1=   2.035195569208E-05 

ASTIRMS2=   1.830696122120E-05 

ASTRRMS1=   4.582895554590E-05 

ASTRRMS2=   4.260668060696E-05 

ASTINST =                    1 

FLSCALE =   3.521712098694E-01 

MAGZEROP=          30.00000000 

PHOTIRMS=           0.06433078 

PHOTINST=                    1 

PHOTLINK=                    F 

RZP     =            -0.011171 

FLXSCALE=         9.796784E-03 

END



