EQUINOX =        2000.00000000 

RADESYS = 'ICRS    '           

CTYPE1  = 'RA---TAN'           

CTYPE2  = 'DEC--TAN'           

CUNIT1  = 'deg     '           

CUNIT2  = 'deg     '           

CRVAL1  =   2.094924718547E+02 

CRVAL2  =   5.483089196859E+01 

CRPIX1  =   9.503029088176E+03 

CRPIX2  =   9.651823853704E+03 

CD1_1   =  -5.115337768262E-05 

CD1_2   =   1.072049886699E-07 

CD2_1   =  -5.697494106627E-07 

CD2_2   =   5.124857210778E-05 

PV1_0   =  -1.960982098254E-02 

PV1_1   =   1.117658512652E+00 

PV1_2   =   1.787409603874E-03 

PV1_4   =  -2.367842723683E-01 

PV1_5   =  -2.025655787213E-03 

PV1_6   =   2.432924926425E-02 

PV1_7   =   1.639928532944E-01 

PV1_8   =   2.226470758351E-02 

PV1_9   =  -9.204736993732E-04 

PV1_10  =   3.136825086198E-02 

PV2_0   =  -7.475877740541E-03 

PV2_1   =   9.855795665838E-01 

PV2_2   =   5.503425442491E-02 

PV2_4   =  -4.369860049356E-02 

PV2_5   =   4.849660191466E-02 

PV2_6   =  -1.251652048320E-01 

PV2_7   =  -5.496107583232E-02 

PV2_8   =   2.130622749288E-02 

PV2_9   =  -5.492596339649E-02 

PV2_10  =   9.334391033418E-02 

FGROUPNO=                    1 

ASTIRMS1=   2.035195569208E-05 

ASTIRMS2=   1.830696122120E-05 

ASTRRMS1=   4.828841427884E-05 

ASTRRMS2=   4.398667619985E-05 

ASTINST =                    1 

FLSCALE =   3.324545943826E-01 

MAGZEROP=          30.00000000 

PHOTIRMS=           0.06433078 

PHOTINST=                    1 

PHOTLINK=                    F 

RZP     =            -0.023795 

FLXSCALE=         9.197030E-03 

END



