EQUINOX =        2000.00000000 

RADESYS = 'ICRS    '           

CTYPE1  = 'RA---TAN'           

CTYPE2  = 'DEC--TAN'           

CUNIT1  = 'deg     '           

CUNIT2  = 'deg     '           

CRVAL1  =   2.100605639267E+02 

CRVAL2  =   5.385102831586E+01 

CRPIX1  =   3.038498807970E+03 

CRPIX2  =  -1.414358583961E+02 

CD1_1   =  -5.191248824989E-05 

CD1_2   =  -2.739937341629E-07 

CD2_1   =  -2.139864981820E-07 

CD2_2   =   5.189086668253E-05 

PV1_0   =  -2.274306233526E-04 

PV1_1   =   1.001632527334E+00 

PV1_2   =   2.978047676061E-03 

PV1_4   =   2.806494096103E-02 

PV1_5   =  -4.776815510099E-02 

PV1_6   =  -2.231562783446E-03 

PV1_7   =  -2.036152937375E-01 

PV1_8   =   1.909142364808E-01 

PV1_9   =   1.620018921013E-02 

PV1_10  =  -2.848152116624E-03 

PV2_0   =  -6.245089587369E-04 

PV2_1   =   1.002951507129E+00 

PV2_2   =   1.541877348788E-02 

PV2_4   =  -4.797027980100E-03 

PV2_5   =  -2.309913502576E-02 

PV2_6   =  -1.371713414649E-01 

PV2_7   =  -1.201757912304E-02 

PV2_8   =   1.635194861826E-02 

PV2_9   =   7.772251334992E-02 

PV2_10  =   3.993377873805E-01 

FGROUPNO=                    1 

ASTIRMS1=   2.035195569208E-05 

ASTIRMS2=   1.830696122120E-05 

ASTRRMS1=   4.957464106769E-05 

ASTRRMS2=   4.314082683626E-05 

ASTINST =                    1 

FLSCALE =   3.474980022882E-01 

MAGZEROP=          30.00000000 

PHOTIRMS=           0.06433078 

PHOTINST=                    1 

PHOTLINK=                    F 

RZP     =             0.026222 

FLXSCALE=         9.747731E-03 

END



