EQUINOX =        2000.00000000 































RADESYS = 'ICRS    '           































CTYPE1  = 'RA---TAN'           































CTYPE2  = 'DEC--TAN'           































CUNIT1  = 'deg     '           































CUNIT2  = 'deg     '           































CRVAL1  =   2.094924718547E+02 































CRVAL2  =   5.483089196859E+01 































CRPIX1  =   5.190464094400E+03 































CRPIX2  =   9.610555404725E+03 































CD1_1   =  -5.161517246323E-05 































CD1_2   =  -5.343496319899E-08 































CD2_1   =  -4.126654695956E-07 































CD2_2   =   5.138721160087E-05 































PV1_0   =   2.738723240905E-04 































PV1_1   =   9.711212593273E-01 































PV1_2   =  -8.137286792733E-03 































PV1_4   =   1.851543481135E-01 































PV1_5   =   2.838717751177E-02 































PV1_6   =  -5.456751943888E-03 































PV1_7   =  -3.029532317869E-01 































PV1_8   =   9.029369503393E-03 































PV1_9   =   2.654193658294E-02 































PV1_10  =   4.155319022653E-03 































PV2_0   =  -4.872137776714E-05 































PV2_1   =   1.001000240608E+00 































PV2_2   =   2.544627430365E-02 































PV2_4   =  -2.917303856008E-02 































PV2_5   =   2.698437637327E-03 































PV2_6   =  -1.379445003524E-01 































PV2_7   =  -5.017119671078E-02 































PV2_8   =   8.201765456264E-03 































PV2_9   =  -2.269000133618E-02 































PV2_10  =   2.198130367234E-01 































FGROUPNO=                    1 































ASTIRMS1=   2.035195569208E-05 































ASTIRMS2=   1.830696122120E-05 































ASTRRMS1=   4.828841427884E-05 































ASTRRMS2=   4.398667619985E-05 































ASTINST =                    1 































FLSCALE =   3.324545943826E-01 































MAGZEROP=          30.00000000 































PHOTIRMS=           0.06433078 































PHOTINST=                    1 































PHOTLINK=                    F 































RZP     =            -0.023795 































FLXSCALE=         9.197030E-03 































END































































