EQUINOX =        2000.00000000 

RADESYS = 'ICRS    '           

CTYPE1  = 'RA---TAN'           

CTYPE2  = 'DEC--TAN'           

CUNIT1  = 'deg     '           

CUNIT2  = 'deg     '           

CRVAL1  =   2.111594653873E+02 

CRVAL2  =   5.483120594112E+01 

CRPIX1  =  -1.208142480940E+03 

CRPIX2  =  -5.224976589739E+03 

CD1_1   =  -5.174252007251E-05 

CD1_2   =  -1.617353235528E-07 

CD2_1   =  -3.392201411096E-07 

CD2_2   =   5.143159340270E-05 

PV1_0   =  -1.434176135158E-03 

PV1_1   =   9.814704883986E-01 

PV1_2   =   8.817011698128E-03 

PV1_4   =  -8.974903379239E-02 

PV1_5   =   6.512767940569E-02 

PV1_6   =  -1.741494003992E-02 

PV1_7   =  -1.633736110806E-01 

PV1_8   =   1.097867861414E-01 

PV1_9   =  -6.840685665413E-02 

PV1_10  =   9.873218878744E-03 

PV2_0   =  -3.767348662446E-03 

PV2_1   =   1.022112857465E+00 

PV2_2   =   1.242440493583E-02 

PV2_4   =  -3.030587151589E-02 

PV2_5   =  -7.012985880453E-03 

PV2_6   =   1.276106427512E-01 

PV2_7   =   5.118667575266E-03 

PV2_8   =   1.750448992792E-02 

PV2_9   =  -1.308317977558E-02 

PV2_10  =   3.901773252338E-01 

FGROUPNO=                    1 

ASTIRMS1=   2.035195569208E-05 

ASTIRMS2=   1.830696122120E-05 

ASTRRMS1=   4.633224408468E-05 

ASTRRMS2=   4.399865583343E-05 

ASTINST =                    1 

FLSCALE =   3.128895505511E-01 

MAGZEROP=          30.00000000 

PHOTIRMS=           0.06433078 

PHOTINST=                    1 

PHOTLINK=                    F 

RZP     =             0.014678 

FLXSCALE=         8.643526E-03 

END



