EQUINOX =        2000.00000000 



RADESYS = 'ICRS    '           



CTYPE1  = 'RA---TAN'           



CTYPE2  = 'DEC--TAN'           



CUNIT1  = 'deg     '           



CUNIT2  = 'deg     '           



CRVAL1  =   2.094924718547E+02 



CRVAL2  =   5.483089196859E+01 



CRPIX1  =  -5.501622911006E+03 



CRPIX2  =  -5.251508820896E+03 



CD1_1   =  -5.141356597432E-05 



CD1_2   =   4.448047561665E-08 



CD2_1   =  -5.210118762467E-07 



CD2_2   =   5.134847506093E-05 



PV1_0   =   4.329798180174E-03 



PV1_1   =   1.027803433752E+00 



PV1_2   =   1.125467878071E-03 



PV1_4   =   4.818938193174E-02 



PV1_5   =  -1.993223778634E-02 



PV1_6   =  -2.534909876527E-02 



PV1_7   =   2.272317833117E-02 



PV1_8   =  -3.096139881148E-02 



PV1_9   =  -2.667430530917E-02 



PV1_10  =   1.901887195772E-02 



PV2_0   =  -3.614296253407E-03 



PV2_1   =   1.002985401415E+00 



PV2_2   =  -8.946910779454E-03 



PV2_4   =   7.182685626491E-03 



PV2_5   =  -4.387016606374E-02 



PV2_6   =  -3.346515698725E-02 



PV2_7   =  -3.702963314615E-02 



PV2_8   =  -2.187098253739E-02 



PV2_9   =  -1.115757052241E-01 



PV2_10  =  -6.402077678346E-02 



FGROUPNO=                    1 



ASTIRMS1=   2.035195569208E-05 



ASTIRMS2=   1.830696122120E-05 



ASTRRMS1=   4.828841427884E-05 



ASTRRMS2=   4.398667619985E-05 



ASTINST =                    1 



FLSCALE =   3.324545943826E-01 



MAGZEROP=          30.00000000 



PHOTIRMS=           0.06433078 



PHOTINST=                    1 



PHOTLINK=                    F 



RZP     =            -0.023795 



FLXSCALE=         9.197030E-03 



END







