EQUINOX =        2000.00000000 

RADESYS = 'ICRS    '           

CTYPE1  = 'RA---TAN'           

CTYPE2  = 'DEC--TAN'           

CUNIT1  = 'deg     '           

CUNIT2  = 'deg     '           

CRVAL1  =   2.116306243401E+02 

CRVAL2  =   5.416479153771E+01 

CRPIX1  =   9.235753943874E+02 

CRPIX2  =   4.522235245656E+03 

CD1_1   =  -5.192833064073E-05 

CD1_2   =  -2.811342207435E-07 

CD2_1   =  -2.948035292970E-07 

CD2_2   =   5.190165576314E-05 

PV1_0   =  -9.778064912088E-06 

PV1_1   =   1.000603303272E+00 

PV1_2   =   4.078698584477E-04 

PV1_4   =   9.429577822027E-03 

PV1_5   =  -4.317179820451E-03 

PV1_6   =   8.337475328561E-03 

PV1_7   =   1.661938874299E-01 

PV1_8   =   2.951833386837E-02 

PV1_9   =  -4.977466551324E-02 

PV1_10  =   2.868897824171E-02 

PV2_0   =   4.374227822179E-05 

PV2_1   =   1.000908840523E+00 

PV2_2   =  -1.630850201979E-04 

PV2_4   =  -3.863095319603E-03 

PV2_5   =   5.721491337271E-03 

PV2_6   =   2.217965499622E-02 

PV2_7   =  -3.682164939888E-02 

PV2_8   =   9.395334018111E-03 

PV2_9   =   4.301609232689E-02 

PV2_10  =   3.383790386248E-01 

FGROUPNO=                    1 

ASTIRMS1=   2.035195569208E-05 

ASTIRMS2=   1.830696122120E-05 

ASTRRMS1=   4.582895554590E-05 

ASTRRMS2=   4.260668060696E-05 

ASTINST =                    1 

FLSCALE =   3.521712098694E-01 

MAGZEROP=          30.00000000 

PHOTIRMS=           0.06433078 

PHOTINST=                    1 

PHOTLINK=                    F 

RZP     =            -0.011171 

FLXSCALE=         9.796784E-03 

END



