EQUINOX =        2000.00000000 

RADESYS = 'ICRS    '           

CTYPE1  = 'RA---TAN'           

CTYPE2  = 'DEC--TAN'           

CUNIT1  = 'deg     '           

CUNIT2  = 'deg     '           

CRVAL1  =   2.109473743626E+02 

CRVAL2  =   5.514585769537E+01 

CRPIX1  =   5.190079835475E+03 

CRPIX2  =  -5.237005313274E+03 

CD1_1   =  -5.162579239472E-05 

CD1_2   =  -4.625201602876E-07 

CD2_1   =  -6.714339384694E-08 

CD2_2   =   5.140390062114E-05 

PV1_0   =  -5.929021600021E-03 

PV1_1   =   1.032030929356E+00 

PV1_2   =   2.274730980155E-02 

PV1_4   =  -5.979883839434E-02 

PV1_5   =  -7.378225054616E-02 

PV1_6   =  -2.831169817857E-02 

PV1_7   =   1.688799578565E-02 

PV1_8   =   9.013652623866E-02 

PV1_9   =   2.886900463182E-02 

PV1_10  =   1.357896562620E-02 

PV2_0   =  -7.129472906562E-03 

PV2_1   =   1.021043600582E+00 

PV2_2   =   4.221704845015E-02 

PV2_4   =  -1.569109132059E-02 

PV2_5   =  -4.354632427489E-02 

PV2_6   =  -1.422910226532E-01 

PV2_7   =  -9.687011234371E-03 

PV2_8   =   1.239533848630E-02 

PV2_9   =   5.476142808037E-02 

PV2_10  =   1.806120711572E-01 

FGROUPNO=                    1 

ASTIRMS1=   2.035195569208E-05 

ASTIRMS2=   1.830696122120E-05 

ASTRRMS1=   4.605958295029E-05 

ASTRRMS2=   4.394560590742E-05 

ASTINST =                    1 

FLSCALE =   2.901986252959E-01 

MAGZEROP=          30.00000000 

PHOTIRMS=           0.06433078 

PHOTINST=                    1 

PHOTLINK=                    F 

RZP     =            -0.008350 

FLXSCALE=         7.988271E-03 

END



