EQUINOX =        2000.00000000 

RADESYS = 'ICRS    '           

CTYPE1  = 'RA---TAN'           

CTYPE2  = 'DEC--TAN'           

CUNIT1  = 'deg     '           

CUNIT2  = 'deg     '           

CRVAL1  =   2.116306243401E+02 

CRVAL2  =   5.416479153771E+01 

CRPIX1  =   1.166201174993E+04 

CRPIX2  =   4.555697449725E+03 

CD1_1   =  -5.085713752070E-05 

CD1_2   =  -8.305171921422E-08 

CD2_1   =  -4.349023228317E-07 

CD2_2   =   5.153404581008E-05 

PV1_0   =  -6.349976091905E-02 

PV1_1   =   1.334804042126E+00 

PV1_2   =  -3.314337532593E-04 

PV1_4   =  -5.863198788836E-01 

PV1_5   =   3.203982417412E-02 

PV1_6   =   1.170133271562E-01 

PV1_7   =   3.405055301767E-01 

PV1_8   =  -6.695747436646E-02 

PV1_9   =  -2.355865745080E-01 

PV1_10  =  -2.872504136760E-04 

PV2_0   =   2.257158438848E-02 

PV2_1   =   1.016986823800E+00 

PV2_2   =  -1.201479636329E-01 

PV2_4   =  -6.432882157034E-02 

PV2_5   =  -5.627593324639E-02 

PV2_6   =   2.183079779144E-01 

PV2_7   =  -1.155443610969E-02 

PV2_8   =   1.232773603293E-01 

PV2_9   =   5.017147644596E-02 

PV2_10  =  -1.346393692664E-01 

FGROUPNO=                    1 

ASTIRMS1=   2.035195569208E-05 

ASTIRMS2=   1.830696122120E-05 

ASTRRMS1=   4.582895554590E-05 

ASTRRMS2=   4.260668060696E-05 

ASTINST =                    1 

FLSCALE =   3.521712098694E-01 

MAGZEROP=          30.00000000 

PHOTIRMS=           0.06433078 

PHOTINST=                    1 

PHOTLINK=                    F 

RZP     =            -0.011171 

FLXSCALE=         9.796784E-03 

END



