EQUINOX =        2000.00000000 

RADESYS = 'ICRS    '           

CTYPE1  = 'RA---TAN'           

CTYPE2  = 'DEC--TAN'           

CUNIT1  = 'deg     '           

CUNIT2  = 'deg     '           

CRVAL1  =   2.099638406407E+02 

CRVAL2  =   5.416458261694E+01 

CRPIX1  =   3.038498807970E+03 

CRPIX2  =  -1.414358583961E+02 

CD1_1   =  -5.191752423491E-05 

CD1_2   =  -3.050946062653E-07 

CD2_1   =  -2.465997095722E-07 

CD2_2   =   5.189426401452E-05 

PV1_0   =  -1.985201947980E-04 

PV1_1   =   1.001697603448E+00 

PV1_2   =   3.106886231501E-03 

PV1_4   =   2.806494096103E-02 

PV1_5   =  -4.776815510099E-02 

PV1_6   =  -2.231562783446E-03 

PV1_7   =  -2.036152937375E-01 

PV1_8   =   1.909142364808E-01 

PV1_9   =   1.620018921013E-02 

PV1_10  =  -2.848152116624E-03 

PV2_0   =  -5.992296038579E-04 

PV2_1   =   1.002920120683E+00 

PV2_2   =   1.542843291265E-02 

PV2_4   =  -4.797027980100E-03 

PV2_5   =  -2.309913502576E-02 

PV2_6   =  -1.371713414649E-01 

PV2_7   =  -1.201757912304E-02 

PV2_8   =   1.635194861826E-02 

PV2_9   =   7.772251334992E-02 

PV2_10  =   3.993377873805E-01 

FGROUPNO=                    1 

ASTIRMS1=   2.035195569208E-05 

ASTIRMS2=   1.830696122120E-05 

ASTRRMS1=   4.967257630645E-05 

ASTRRMS2=   4.438807409180E-05 

ASTINST =                    1 

FLSCALE =   2.928753351964E-01 

MAGZEROP=          30.00000000 

PHOTIRMS=           0.06433078 

PHOTINST=                    1 

PHOTLINK=                    F 

RZP     =            -0.010683 

FLXSCALE=         8.201138E-03 

END



