EQUINOX =        2000.00000000 

RADESYS = 'ICRS    '           

CTYPE1  = 'RA---TAN'           

CTYPE2  = 'DEC--TAN'           

CUNIT1  = 'deg     '           

CUNIT2  = 'deg     '           

CRVAL1  =   2.109473743626E+02 

CRVAL2  =   5.514585769537E+01 

CRPIX1  =  -3.325674009988E+03 

CRPIX2  =  -1.438655148233E+02 

CD1_1   =  -5.176114177217E-05 

CD1_2   =  -2.247723481816E-07 

CD2_1   =  -3.168075380412E-07 

CD2_2   =   5.185572277271E-05 

PV1_0   =  -2.905039516113E-03 

PV1_1   =   9.628605836640E-01 

PV1_2   =   7.521118497814E-03 

PV1_4   =  -1.522124642135E-01 

PV1_5   =   8.195532391094E-02 

PV1_6   =   1.158798019347E-02 

PV1_7   =  -2.046083020612E-01 

PV1_8   =   1.723154846092E-01 

PV1_9   =  -2.684291293714E-02 

PV1_10  =  -3.872671551549E-02 

PV2_0   =  -1.636569490852E-03 

PV2_1   =   9.970626634739E-01 

PV2_2   =  -2.191549986343E-02 

PV2_4   =  -5.229247197703E-03 

PV2_5   =  -4.781775912195E-02 

PV2_6   =  -1.032778690503E-01 

PV2_7   =  -1.482460278928E-02 

PV2_8   =  -1.596145227250E-02 

PV2_9   =  -1.307645747625E-01 

PV2_10  =  -1.657576188084E-01 

FGROUPNO=                    1 

ASTIRMS1=   2.035195569208E-05 

ASTIRMS2=   1.830696122120E-05 

ASTRRMS1=   4.605958295029E-05 

ASTRRMS2=   4.394560590742E-05 

ASTINST =                    1 

FLSCALE =   2.901986252959E-01 

MAGZEROP=          30.00000000 

PHOTIRMS=           0.06433078 

PHOTINST=                    1 

PHOTLINK=                    F 

RZP     =            -0.008350 

FLXSCALE=         7.988271E-03 

END



