EQUINOX =        2000.00000000 

RADESYS = 'ICRS    '           

CTYPE1  = 'RA---TAN'           

CTYPE2  = 'DEC--TAN'           

CUNIT1  = 'deg     '           

CUNIT2  = 'deg     '           

CRVAL1  =   2.111594653873E+02 

CRVAL2  =   5.483120594112E+01 

CRPIX1  =  -3.323002698477E+03 

CRPIX2  =   4.525531222410E+03 

CD1_1   =  -5.176114992725E-05 

CD1_2   =  -3.106151974793E-07 

CD2_1   =  -1.853743816393E-07 

CD2_2   =   5.183939636446E-05 

PV1_0   =   3.495909965923E-03 

PV1_1   =   1.047961868879E+00 

PV1_2   =  -6.936013715583E-03 

PV1_4   =   2.177731880972E-01 

PV1_5   =  -4.244925744273E-02 

PV1_6   =  -2.303977659660E-02 

PV1_7   =   3.248836296110E-01 

PV1_8   =  -4.325206744923E-02 

PV1_9   =  -1.071721498710E-01 

PV1_10  =  -9.998048560633E-03 

PV2_0   =  -2.804272759810E-05 

PV2_1   =   1.009256150114E+00 

PV2_2   =  -8.264915504081E-03 

PV2_4   =   1.039128133079E-02 

PV2_5   =   4.954225576830E-02 

PV2_6   =  -6.123295155816E-02 

PV2_7   =  -3.087503252793E-02 

PV2_8   =   6.278861584849E-02 

PV2_9   =   5.056084360071E-02 

PV2_10  =  -1.146187225198E-01 

FGROUPNO=                    1 

ASTIRMS1=   2.035195569208E-05 

ASTIRMS2=   1.830696122120E-05 

ASTRRMS1=   4.633224408468E-05 

ASTRRMS2=   4.399865583343E-05 

ASTINST =                    1 

FLSCALE =   3.128895505511E-01 

MAGZEROP=          30.00000000 

PHOTIRMS=           0.06433078 

PHOTINST=                    1 

PHOTLINK=                    F 

RZP     =             0.014678 

FLXSCALE=         8.643526E-03 

END



