EQUINOX =        2000.00000000 

RADESYS = 'ICRS    '           

CTYPE1  = 'RA---TAN'           

CTYPE2  = 'DEC--TAN'           

CUNIT1  = 'deg     '           

CUNIT2  = 'deg     '           

CRVAL1  =   2.109473743626E+02 

CRVAL2  =   5.514585769537E+01 

CRPIX1  =   3.041356499898E+03 

CRPIX2  =   4.523103930809E+03 

CD1_1   =  -5.189222562474E-05 

CD1_2   =  -2.311022365577E-07 

CD2_1   =  -2.995506550254E-07 

CD2_2   =   5.188534168524E-05 

PV1_0   =  -4.110565313590E-04 

PV1_1   =   1.010071998403E+00 

PV1_2   =  -4.096324473245E-06 

PV1_4   =  -9.203970233269E-02 

PV1_5   =  -2.252576354864E-02 

PV1_6   =  -3.270719066056E-03 

PV1_7   =   2.855962951561E-01 

PV1_8   =   9.864231187207E-02 

PV1_9   =  -4.139953723325E-02 

PV1_10  =  -1.196669065996E-02 

PV2_0   =   5.800108894337E-05 

PV2_1   =   1.001875287401E+00 

PV2_2   =   9.402024369805E-04 

PV2_4   =   1.027329442318E-02 

PV2_5   =   1.432418692292E-02 

PV2_6   =   1.771353023983E-03 

PV2_7   =  -3.048586629724E-03 

PV2_8   =  -2.918287181766E-02 

PV2_9   =  -1.447519657928E-01 

PV2_10  =  -7.697749105521E-02 

FGROUPNO=                    1 

ASTIRMS1=   2.035195569208E-05 

ASTIRMS2=   1.830696122120E-05 

ASTRRMS1=   4.605958295029E-05 

ASTRRMS2=   4.394560590742E-05 

ASTINST =                    1 

FLSCALE =   2.901986252959E-01 

MAGZEROP=          30.00000000 

PHOTIRMS=           0.06433078 

PHOTINST=                    1 

PHOTLINK=                    F 

RZP     =            -0.008350 

FLXSCALE=         7.988271E-03 

END



