EQUINOX =        2000.00000000 

RADESYS = 'ICRS    '           

CTYPE1  = 'RA---TAN'           

CTYPE2  = 'DEC--TAN'           

CUNIT1  = 'deg     '           

CUNIT2  = 'deg     '           

CRVAL1  =   2.111594653873E+02 

CRVAL2  =   5.483120594112E+01 

CRPIX1  =   5.168593921219E+03 

CRPIX2  =   4.526709245118E+03 

CD1_1   =  -5.176557194004E-05 

CD1_2   =  -1.881381580015E-07 

CD2_1   =  -3.037744190370E-07 

CD2_2   =   5.183965030692E-05 

PV1_0   =   4.299920778341E-03 

PV1_1   =   9.361120485625E-01 

PV1_2   =   7.919070280180E-04 

PV1_4   =   3.116793982930E-01 

PV1_5   =  -1.632692372453E-02 

PV1_6   =   3.350010444602E-04 

PV1_7   =  -5.015615511736E-01 

PV1_8   =   1.364487344847E-02 

PV1_9   =  -6.446156512444E-02 

PV1_10  =  -2.500521934386E-02 

PV2_0   =  -2.443143085198E-04 

PV2_1   =   1.006888212333E+00 

PV2_2   =   7.377054840719E-03 

PV2_4   =   9.025961384766E-03 

PV2_5   =  -3.713221464576E-02 

PV2_6   =  -4.452071159733E-02 

PV2_7   =   7.446813436284E-03 

PV2_8   =   7.495125171599E-03 

PV2_9   =   6.622493959851E-02 

PV2_10  =   7.938236363631E-02 

FGROUPNO=                    1 

ASTIRMS1=   2.035195569208E-05 

ASTIRMS2=   1.830696122120E-05 

ASTRRMS1=   4.633224408468E-05 

ASTRRMS2=   4.399865583343E-05 

ASTINST =                    1 

FLSCALE =   3.128895505511E-01 

MAGZEROP=          30.00000000 

PHOTIRMS=           0.06433078 

PHOTINST=                    1 

PHOTLINK=                    F 

RZP     =             0.014678 

FLXSCALE=         8.643526E-03 

END



