EQUINOX =        2000.00000000 

RADESYS = 'ICRS    '           

CTYPE1  = 'RA---TAN'           

CTYPE2  = 'DEC--TAN'           

CUNIT1  = 'deg     '           

CUNIT2  = 'deg     '           

CRVAL1  =   2.111594653873E+02 

CRVAL2  =   5.483120594112E+01 

CRPIX1  =   9.503029088176E+03 

CRPIX2  =   9.651823853704E+03 

CD1_1   =  -5.115439530954E-05 

CD1_2   =   1.072555230838E-07 

CD2_1   =  -5.685476575353E-07 

CD2_2   =   5.124951516467E-05 

PV1_0   =  -1.954833037696E-02 

PV1_1   =   1.117652839886E+00 

PV1_2   =   1.860865814509E-03 

PV1_4   =  -2.367842723683E-01 

PV1_5   =  -2.025655787213E-03 

PV1_6   =   2.432924926425E-02 

PV1_7   =   1.639928532944E-01 

PV1_8   =   2.226470758351E-02 

PV1_9   =  -9.204736993732E-04 

PV1_10  =   3.136825086198E-02 

PV2_0   =  -7.418942924605E-03 

PV2_1   =   9.855502158245E-01 

PV2_2   =   5.499845620860E-02 

PV2_4   =  -4.369860049356E-02 

PV2_5   =   4.849660191466E-02 

PV2_6   =  -1.251652048320E-01 

PV2_7   =  -5.496107583232E-02 

PV2_8   =   2.130622749288E-02 

PV2_9   =  -5.492596339649E-02 

PV2_10  =   9.334391033418E-02 

FGROUPNO=                    1 

ASTIRMS1=   2.035195569208E-05 

ASTIRMS2=   1.830696122120E-05 

ASTRRMS1=   4.633224408468E-05 

ASTRRMS2=   4.399865583343E-05 

ASTINST =                    1 

FLSCALE =   3.128895505511E-01 

MAGZEROP=          30.00000000 

PHOTIRMS=           0.06433078 

PHOTINST=                    1 

PHOTLINK=                    F 

RZP     =             0.014678 

FLXSCALE=         8.643526E-03 

END



