EQUINOX =        2000.00000000 































RADESYS = 'ICRS    '           































CTYPE1  = 'RA---TAN'           































CTYPE2  = 'DEC--TAN'           































CUNIT1  = 'deg     '           































CUNIT2  = 'deg     '           































CRVAL1  =   2.109473743626E+02 































CRVAL2  =   5.514585769537E+01 































CRPIX1  =  -3.348346382322E+03 































CRPIX2  =   9.612743843815E+03 































CD1_1   =  -5.161725850121E-05 































CD1_2   =  -4.829417853629E-07 































CD2_1   =  -1.320587763613E-07 































CD2_2   =   5.137350181985E-05 































PV1_0   =  -3.278151728594E-03 































PV1_1   =   9.408450999169E-01 































PV1_2   =   1.015260320492E-03 































PV1_4   =  -3.005273910152E-01 































PV1_5   =  -1.770484118863E-03 































PV1_6   =  -6.088204896594E-03 































PV1_7   =  -4.063656609114E-01 































PV1_8   =  -1.380249738960E-01 































PV1_9   =   5.984740643252E-02 































PV1_10  =  -2.093594668051E-02 































PV2_0   =   8.810011350283E-03 































PV2_1   =   1.005810627042E+00 































PV2_2   =   8.890478108772E-02 































PV2_4   =  -3.185359477199E-02 































PV2_5   =   5.636232060806E-02 































PV2_6   =   3.347875637024E-01 































PV2_7   =  -4.575280479918E-02 































PV2_8   =  -3.591473924898E-02 































PV2_9   =   1.652718311712E-01 































PV2_10  =   3.856214377978E-01 































FGROUPNO=                    1 































ASTIRMS1=   2.035195569208E-05 































ASTIRMS2=   1.830696122120E-05 































ASTRRMS1=   4.605958295029E-05 































ASTRRMS2=   4.394560590742E-05 































ASTINST =                    1 































FLSCALE =   2.901986252959E-01 































MAGZEROP=          30.00000000 































PHOTIRMS=           0.06433078 































PHOTINST=                    1 































PHOTLINK=                    F 































RZP     =            -0.008350 































FLXSCALE=         7.988271E-03 































END































































