EQUINOX =        2000.00000000 

RADESYS = 'ICRS    '           

CTYPE1  = 'RA---TAN'           

CTYPE2  = 'DEC--TAN'           

CUNIT1  = 'deg     '           

CUNIT2  = 'deg     '           

CRVAL1  =   2.094924718547E+02 

CRVAL2  =   5.483089196859E+01 

CRPIX1  =  -7.626144161699E+03 

CRPIX2  =   4.543325765877E+03 

CD1_1   =  -5.123899567795E-05 

CD1_2   =  -3.677641299615E-07 

CD2_1   =  -1.116879171219E-07 

CD2_2   =   5.164597839949E-05 

PV1_0   =   3.242419596914E-02 

PV1_1   =   1.191975617309E+00 

PV1_2   =   2.473261109798E-02 

PV1_4   =   3.721060647021E-01 

PV1_5   =   1.032860077788E-01 

PV1_6   =  -8.174287689620E-03 

PV1_7   =   2.341937533026E-01 

PV1_8   =   1.212036002907E-01 

PV1_9   =  -5.494771351666E-02 

PV1_10  =   1.471318959408E-02 

PV2_0   =   4.816876501616E-03 

PV2_1   =   1.029919237628E+00 

PV2_2   =   3.096855971776E-02 

PV2_4   =   4.991964471279E-02 

PV2_5   =   8.656353370918E-02 

PV2_6   =   7.250071979981E-02 

PV2_7   =  -1.398068787447E-02 

PV2_8   =   1.120933185266E-01 

PV2_9   =   4.888818644067E-02 

PV2_10  =   6.126510891490E-02 

FGROUPNO=                    1 

ASTIRMS1=   2.035195569208E-05 

ASTIRMS2=   1.830696122120E-05 

ASTRRMS1=   4.828841427884E-05 

ASTRRMS2=   4.398667619985E-05 

ASTINST =                    1 

FLSCALE =   3.324545943826E-01 

MAGZEROP=          30.00000000 

PHOTIRMS=           0.06433078 

PHOTINST=                    1 

PHOTLINK=                    F 

RZP     =            -0.023795 

FLXSCALE=         9.197030E-03 

END



