EQUINOX =        2000.00000000 

RADESYS = 'ICRS    '           

CTYPE1  = 'RA---TAN'           

CTYPE2  = 'DEC--TAN'           

CUNIT1  = 'deg     '           

CUNIT2  = 'deg     '           

CRVAL1  =   2.100605639267E+02 

CRVAL2  =   5.385102831586E+01 

CRPIX1  =   3.051586342315E+03 

CRPIX2  =  -5.223633053566E+03 

CD1_1   =  -5.174549255933E-05 

CD1_2   =  -3.385145790068E-07 

CD2_1   =  -1.951213941804E-07 

CD2_2   =   5.144020083202E-05 

PV1_0   =  -7.303711667365E-04 

PV1_1   =   1.009101072056E+00 

PV1_2   =   1.235363184485E-03 

PV1_4   =  -1.115588398884E-02 

PV1_5   =  -2.231872433003E-02 

PV1_6   =   2.841260383300E-03 

PV1_7   =  -8.644740980712E-02 

PV1_8   =   7.753705698444E-02 

PV1_9   =  -9.774522334456E-03 

PV1_10  =  -3.249853958648E-03 

PV2_0   =  -4.113865373294E-03 

PV2_1   =   1.023975117669E+00 

PV2_2   =  -3.845829074480E-03 

PV2_4   =  -3.748575432221E-02 

PV2_5   =   1.653491177784E-02 

PV2_6   =   9.937908090553E-03 

PV2_7   =   1.008603116024E-02 

PV2_8   =  -6.621637221491E-03 

PV2_9   =  -7.713187353162E-02 

PV2_10  =   5.592608684679E-02 

FGROUPNO=                    1 

ASTIRMS1=   2.035195569208E-05 

ASTIRMS2=   1.830696122120E-05 

ASTRRMS1=   4.957464106769E-05 

ASTRRMS2=   4.314082683626E-05 

ASTINST =                    1 

FLSCALE =   3.474980022882E-01 

MAGZEROP=          30.00000000 

PHOTIRMS=           0.06433078 

PHOTINST=                    1 

PHOTLINK=                    F 

RZP     =             0.026222 

FLXSCALE=         9.747731E-03 

END



