EQUINOX =        2000.00000000 

RADESYS = 'ICRS    '           

CTYPE1  = 'RA---TAN'           

CTYPE2  = 'DEC--TAN'           

CUNIT1  = 'deg     '           

CUNIT2  = 'deg     '           

CRVAL1  =   2.099638406407E+02 

CRVAL2  =   5.416458261694E+01 

CRPIX1  =   7.301284539929E+03 

CRPIX2  =  -1.531056992520E+02 

CD1_1   =  -5.157849737554E-05 

CD1_2   =  -3.540679916017E-07 

CD2_1   =  -1.621908155263E-07 

CD2_2   =   5.178092506006E-05 

PV1_0   =  -3.015103406030E-03 

PV1_1   =   1.021733273114E+00 

PV1_2   =  -1.950414675389E-02 

PV1_4   =  -4.880293827104E-02 

PV1_5   =   1.279946106286E-01 

PV1_6   =   1.449361998634E-02 

PV1_7   =   3.184841208159E-02 

PV1_8   =  -1.966320055625E-01 

PV1_9   =  -3.872010623701E-02 

PV1_10  =  -2.899496276311E-02 

PV2_0   =   7.973659251627E-04 

PV2_1   =   1.009794188343E+00 

PV2_2   =  -1.403597225310E-02 

PV2_4   =  -1.671387150642E-02 

PV2_5   =  -2.172655634468E-02 

PV2_6   =   5.322146827098E-02 

PV2_7   =  -1.627394708285E-03 

PV2_8   =   2.665794612919E-02 

PV2_9   =  -4.424978282126E-03 

PV2_10  =  -5.583979866949E-02 

FGROUPNO=                    1 

ASTIRMS1=   2.035195569208E-05 

ASTIRMS2=   1.830696122120E-05 

ASTRRMS1=   4.967257630645E-05 

ASTRRMS2=   4.438807409180E-05 

ASTINST =                    1 

FLSCALE =   2.928753351964E-01 

MAGZEROP=          30.00000000 

PHOTIRMS=           0.06433078 

PHOTINST=                    1 

PHOTLINK=                    F 

RZP     =            -0.010683 

FLXSCALE=         8.201138E-03 

END



