EQUINOX =        2000.00000000 

RADESYS = 'ICRS    '           

CTYPE1  = 'RA---TAN'           

CTYPE2  = 'DEC--TAN'           

CUNIT1  = 'deg     '           

CUNIT2  = 'deg     '           

CRVAL1  =   2.109473743626E+02 

CRVAL2  =   5.514585769537E+01 

CRPIX1  =   9.466168854205E+03 

CRPIX2  =  -1.600593545668E+02 

CD1_1   =  -5.126099006966E-05 

CD1_2   =  -3.862939186519E-07 

CD2_1   =  -1.508788541848E-07 

CD2_2   =   5.167830889132E-05 

PV1_0   =  -1.585656280839E-02 

PV1_1   =   1.080655888030E+00 

PV1_2   =   4.128642761777E-02 

PV1_4   =  -1.249936592938E-01 

PV1_5   =  -1.514223344895E-01 

PV1_6   =  -3.003948665077E-02 

PV1_7   =   5.269288741810E-02 

PV1_8   =   1.432516091004E-01 

PV1_9   =   5.199921557141E-02 

PV1_10  =  -1.080035068533E-02 

PV2_0   =  -5.364255379944E-02 

PV2_1   =   1.007898150156E+00 

PV2_2   =   3.703583134901E-01 

PV2_4   =   6.286227675257E-03 

PV2_5   =  -1.518630208897E-02 

PV2_6   =  -8.559534414336E-01 

PV2_7   =  -2.667376067137E-02 

PV2_8   =  -8.295907477337E-03 

PV2_9   =  -2.043689794289E-03 

PV2_10  =   6.617860283300E-01 

FGROUPNO=                    1 

ASTIRMS1=   2.035195569208E-05 

ASTIRMS2=   1.830696122120E-05 

ASTRRMS1=   4.605958295029E-05 

ASTRRMS2=   4.394560590742E-05 

ASTINST =                    1 

FLSCALE =   2.901986252959E-01 

MAGZEROP=          30.00000000 

PHOTIRMS=           0.06433078 

PHOTINST=                    1 

PHOTLINK=                    F 

RZP     =            -0.008350 

FLXSCALE=         7.988271E-03 

END



