EQUINOX =        2000.00000000 



RADESYS = 'ICRS    '           



CTYPE1  = 'RA---TAN'           



CTYPE2  = 'DEC--TAN'           



CUNIT1  = 'deg     '           



CUNIT2  = 'deg     '           



CRVAL1  =   2.092433085915E+02 



CRVAL2  =   5.514476509091E+01 



CRPIX1  =   9.466168854205E+03 



CRPIX2  =  -1.600593545668E+02 



CD1_1   =  -5.126118150166E-05 



CD1_2   =  -3.827535154428E-07 



CD2_1   =  -1.507766363564E-07 



CD2_2   =   5.167865192339E-05 



PV1_0   =  -1.588801498822E-02 



PV1_1   =   1.080623972874E+00 



PV1_2   =   4.116319334215E-02 



PV1_4   =  -1.249936592938E-01 



PV1_5   =  -1.514223344895E-01 



PV1_6   =  -3.003948665077E-02 



PV1_7   =   5.269288741810E-02 



PV1_8   =   1.432516091004E-01 



PV1_9   =   5.199921557141E-02 



PV1_10  =  -1.080035068533E-02 



PV2_0   =  -5.362815143151E-02 



PV2_1   =   1.007883331104E+00 



PV2_2   =   3.704246396963E-01 



PV2_4   =   6.286227675257E-03 



PV2_5   =  -1.518630208897E-02 



PV2_6   =  -8.559534414336E-01 



PV2_7   =  -2.667376067137E-02 



PV2_8   =  -8.295907477337E-03 



PV2_9   =  -2.043689794289E-03 



PV2_10  =   6.617860283300E-01 



FGROUPNO=                    1 



ASTIRMS1=   2.035195569208E-05 



ASTIRMS2=   1.830696122120E-05 



ASTRRMS1=   4.953398153093E-05 



ASTRRMS2=   4.387031385565E-05 



ASTINST =                    1 



FLSCALE =   2.814911795006E-01 



MAGZEROP=          30.00000000 



PHOTIRMS=           0.06433078 



PHOTINST=                    1 



PHOTLINK=                    F 



RZP     =            -0.036151 



FLXSCALE=         7.764600E-03 



END







