EQUINOX =        2000.00000000 

RADESYS = 'ICRS    '           

CTYPE1  = 'RA---TAN'           

CTYPE2  = 'DEC--TAN'           

CUNIT1  = 'deg     '           

CUNIT2  = 'deg     '           

CRVAL1  =   2.099638406407E+02 

CRVAL2  =   5.416458261694E+01 

CRPIX1  =   9.235753943874E+02 

CRPIX2  =   4.522235245656E+03 

CD1_1   =  -5.192891178444E-05 

CD1_2   =  -2.826504453984E-07 

CD2_1   =  -2.970069952261E-07 

CD2_2   =   5.190123899634E-05 

PV1_0   =   7.334789653764E-06 

PV1_1   =   1.000585261479E+00 

PV1_2   =   3.772954053048E-04 

PV1_4   =   9.429577822027E-03 

PV1_5   =  -4.317179820451E-03 

PV1_6   =   8.337475328561E-03 

PV1_7   =   1.661938874299E-01 

PV1_8   =   2.951833386837E-02 

PV1_9   =  -4.977466551324E-02 

PV1_10  =   2.868897824171E-02 

PV2_0   =   5.179545124699E-05 

PV2_1   =   1.000914151635E+00 

PV2_2   =  -1.425542740006E-04 

PV2_4   =  -3.863095319603E-03 

PV2_5   =   5.721491337271E-03 

PV2_6   =   2.217965499622E-02 

PV2_7   =  -3.682164939888E-02 

PV2_8   =   9.395334018111E-03 

PV2_9   =   4.301609232689E-02 

PV2_10  =   3.383790386248E-01 

FGROUPNO=                    1 

ASTIRMS1=   2.035195569208E-05 

ASTIRMS2=   1.830696122120E-05 

ASTRRMS1=   4.967257630645E-05 

ASTRRMS2=   4.438807409180E-05 

ASTINST =                    1 

FLSCALE =   2.928753351964E-01 

MAGZEROP=          30.00000000 

PHOTIRMS=           0.06433078 

PHOTINST=                    1 

PHOTLINK=                    F 

RZP     =            -0.010683 

FLXSCALE=         8.201138E-03 

END



