EQUINOX =        2000.00000000 

RADESYS = 'ICRS    '           

CTYPE1  = 'RA---TAN'           

CTYPE2  = 'DEC--TAN'           

CUNIT1  = 'deg     '           

CUNIT2  = 'deg     '           

CRVAL1  =   2.111594653873E+02 

CRVAL2  =   5.483120594112E+01 

CRPIX1  =   3.051586342315E+03 

CRPIX2  =  -5.223633053566E+03 

CD1_1   =  -5.174764465462E-05 

CD1_2   =  -3.351270459927E-07 

CD2_1   =  -1.919541084633E-07 

CD2_2   =   5.144118411884E-05 

PV1_0   =  -7.024649789484E-04 

PV1_1   =   1.009090457372E+00 

PV1_2   =   1.258178690770E-03 

PV1_4   =  -1.115588398884E-02 

PV1_5   =  -2.231872433003E-02 

PV1_6   =   2.841260383300E-03 

PV1_7   =  -8.644740980712E-02 

PV1_8   =   7.753705698444E-02 

PV1_9   =  -9.774522334456E-03 

PV1_10  =  -3.249853958648E-03 

PV2_0   =  -4.090768340191E-03 

PV2_1   =   1.023968834679E+00 

PV2_2   =  -3.900805245161E-03 

PV2_4   =  -3.748575432221E-02 

PV2_5   =   1.653491177784E-02 

PV2_6   =   9.937908090553E-03 

PV2_7   =   1.008603116024E-02 

PV2_8   =  -6.621637221491E-03 

PV2_9   =  -7.713187353162E-02 

PV2_10  =   5.592608684679E-02 

FGROUPNO=                    1 

ASTIRMS1=   2.035195569208E-05 

ASTIRMS2=   1.830696122120E-05 

ASTRRMS1=   4.633224408468E-05 

ASTRRMS2=   4.399865583343E-05 

ASTINST =                    1 

FLSCALE =   3.128895505511E-01 

MAGZEROP=          30.00000000 

PHOTIRMS=           0.06433078 

PHOTINST=                    1 

PHOTLINK=                    F 

RZP     =             0.014678 

FLXSCALE=         8.643526E-03 

END



