EQUINOX =        2000.00000000 















RADESYS = 'ICRS    '           















CTYPE1  = 'RA---TAN'           















CTYPE2  = 'DEC--TAN'           















CUNIT1  = 'deg     '           















CUNIT2  = 'deg     '           















CRVAL1  =   2.109473743626E+02 















CRVAL2  =   5.514585769537E+01 















CRPIX1  =  -9.807994049768E+03 















CRPIX2  =   4.550328441542E+03 















CD1_1   =  -5.089556285830E-05 















CD1_2   =  -4.261647445610E-07 















CD2_1   =  -1.236914485461E-07 















CD2_2   =   5.154728008439E-05 















PV1_0   =  -6.363388915170E-03 















PV1_1   =   9.500296234367E-01 















PV1_2   =  -1.661731964491E-02 















PV1_4   =  -1.199790903643E-01 















PV1_5   =  -5.171776006032E-02 















PV1_6   =  -3.987533899262E-02 















PV1_7   =  -9.150704954799E-02 















PV1_8   =  -2.875096765965E-02 















PV1_9   =  -9.890128683399E-02 















PV1_10  =   1.442647389347E-03 















PV2_0   =   6.202613884702E-02 















PV2_1   =   1.064228042501E+00 















PV2_2   =   3.226580591253E-01 















PV2_4   =   5.905152395419E-02 















PV2_5   =   1.766348950205E-01 















PV2_6   =   5.645809543585E-01 















PV2_7   =  -1.686227969862E-03 















PV2_8   =   9.394252392637E-02 















PV2_9   =   1.138827869159E-01 















PV2_10  =   3.324508390894E-01 















FGROUPNO=                    1 















ASTIRMS1=   2.035195569208E-05 















ASTIRMS2=   1.830696122120E-05 















ASTRRMS1=   4.605958295029E-05 















ASTRRMS2=   4.394560590742E-05 















ASTINST =                    1 















FLSCALE =   2.901986252959E-01 















MAGZEROP=          30.00000000 















PHOTIRMS=           0.06433078 















PHOTINST=                    1 















PHOTLINK=                    F 















RZP     =            -0.008350 















FLXSCALE=         7.988271E-03 















END































