EQUINOX =        2000.00000000 

RADESYS = 'ICRS    '           

CTYPE1  = 'RA---TAN'           

CTYPE2  = 'DEC--TAN'           

CUNIT1  = 'deg     '           

CUNIT2  = 'deg     '           

CRVAL1  =   2.094924718547E+02 

CRVAL2  =   5.483089196859E+01 

CRPIX1  =  -5.465929976838E+03 

CRPIX2  =  -1.518113104683E+02 

CD1_1   =  -5.155280646714E-05 

CD1_2   =  -1.453856451866E-07 

CD2_1   =  -3.164894047485E-07 

CD2_2   =   5.177686400726E-05 

PV1_0   =   1.662236199600E-03 

PV1_1   =   1.008452002222E+00 

PV1_2   =  -9.127816440338E-04 

PV1_4   =   1.062669889441E-02 

PV1_5   =   2.465543387458E-02 

PV1_6   =   2.688264783730E-02 

PV1_7   =  -1.811230576690E-03 

PV1_8   =   5.700993329198E-02 

PV1_9   =   4.627872131919E-02 

PV1_10  =  -6.727212235023E-03 

PV2_0   =  -5.891966659957E-03 

PV2_1   =   1.000073691195E+00 

PV2_2   =  -4.922839989413E-02 

PV2_4   =   6.987639970661E-03 

PV2_5   =  -1.484447742623E-02 

PV2_6   =  -1.436035448620E-01 

PV2_7   =  -2.748557023227E-02 

PV2_8   =   1.482370971637E-02 

PV2_9   =  -3.467749441235E-02 

PV2_10  =  -1.428173316822E-01 

FGROUPNO=                    1 

ASTIRMS1=   2.035195569208E-05 

ASTIRMS2=   1.830696122120E-05 

ASTRRMS1=   4.828841427884E-05 

ASTRRMS2=   4.398667619985E-05 

ASTINST =                    1 

FLSCALE =   3.324545943826E-01 

MAGZEROP=          30.00000000 

PHOTIRMS=           0.06433078 

PHOTINST=                    1 

PHOTLINK=                    F 

RZP     =            -0.023795 

FLXSCALE=         9.197030E-03 

END



