EQUINOX =        2000.00000000 

RADESYS = 'ICRS    '           

CTYPE1  = 'RA---TAN'           

CTYPE2  = 'DEC--TAN'           

CUNIT1  = 'deg     '           

CUNIT2  = 'deg     '           

CRVAL1  =   2.116306243401E+02 

CRVAL2  =   5.416479153771E+01 

CRPIX1  =   3.038498807970E+03 

CRPIX2  =  -1.414358583961E+02 

CD1_1   =  -5.191694175107E-05 

CD1_2   =  -3.035783300258E-07 

CD2_1   =  -2.443963342418E-07 

CD2_2   =   5.189468168028E-05 

PV1_0   =  -2.156330493639E-04 

PV1_1   =   1.001715645241E+00 

PV1_2   =   3.137460684644E-03 

PV1_4   =   2.806494096103E-02 

PV1_5   =  -4.776815510099E-02 

PV1_6   =  -2.231562783446E-03 

PV1_7   =  -2.036152937375E-01 

PV1_8   =   1.909142364808E-01 

PV1_9   =   1.620018921013E-02 

PV1_10  =  -2.848152116624E-03 

PV2_0   =  -6.072827768831E-04 

PV2_1   =   1.002914809571E+00 

PV2_2   =   1.540790216645E-02 

PV2_4   =  -4.797027980100E-03 

PV2_5   =  -2.309913502576E-02 

PV2_6   =  -1.371713414649E-01 

PV2_7   =  -1.201757912304E-02 

PV2_8   =   1.635194861826E-02 

PV2_9   =   7.772251334992E-02 

PV2_10  =   3.993377873805E-01 

FGROUPNO=                    1 

ASTIRMS1=   2.035195569208E-05 

ASTIRMS2=   1.830696122120E-05 

ASTRRMS1=   4.582895554590E-05 

ASTRRMS2=   4.260668060696E-05 

ASTINST =                    1 

FLSCALE =   3.521712098694E-01 

MAGZEROP=          30.00000000 

PHOTIRMS=           0.06433078 

PHOTINST=                    1 

PHOTLINK=                    F 

RZP     =            -0.011171 

FLXSCALE=         9.796784E-03 

END



