EQUINOX =        2000.00000000 

RADESYS = 'ICRS    '           

CTYPE1  = 'RA---TAN'           

CTYPE2  = 'DEC--TAN'           

CUNIT1  = 'deg     '           

CUNIT2  = 'deg     '           

CRVAL1  =   2.092433085915E+02 

CRVAL2  =   5.514476509091E+01 

CRPIX1  =  -1.198386033317E+03 

CRPIX2  =  -1.391158363047E+02 

CD1_1   =  -5.190684720000E-05 

CD1_2   =  -2.421143160652E-07 

CD2_1   =  -2.872946612325E-07 

CD2_2   =   5.188603517082E-05 

PV1_0   =   4.599861335833E-05 

PV1_1   =   1.002623903568E+00 

PV1_2   =   9.009889508300E-04 

PV1_4   =   2.710080071990E-02 

PV1_5   =   2.235076999848E-02 

PV1_6   =  -2.832674528999E-04 

PV1_7   =   8.117203849436E-02 

PV1_8   =   6.826188333003E-02 

PV1_9   =  -3.090017232681E-02 

PV1_10  =   8.614698112877E-04 

PV2_0   =  -9.909485058657E-05 

PV2_1   =   1.001135443175E+00 

PV2_2   =  -9.188704641582E-04 

PV2_4   =   1.258008911250E-03 

PV2_5   =  -4.722548388118E-03 

PV2_6   =  -1.449573754685E-02 

PV2_7   =  -2.473049852633E-02 

PV2_8   =  -9.831548510252E-03 

PV2_9   =  -5.237446512053E-02 

PV2_10  =  -7.367917490823E-02 

FGROUPNO=                    1 

ASTIRMS1=   2.035195569208E-05 

ASTIRMS2=   1.830696122120E-05 

ASTRRMS1=   4.953398153093E-05 

ASTRRMS2=   4.387031385565E-05 

ASTINST =                    1 

FLSCALE =   2.814911795006E-01 

MAGZEROP=          30.00000000 

PHOTIRMS=           0.06433078 

PHOTINST=                    1 

PHOTLINK=                    F 

RZP     =            -0.036151 

FLXSCALE=         7.764600E-03 

END



