EQUINOX =        2000.00000000 

RADESYS = 'ICRS    '           

CTYPE1  = 'RA---TAN'           

CTYPE2  = 'DEC--TAN'           

CUNIT1  = 'deg     '           

CUNIT2  = 'deg     '           

CRVAL1  =   2.111594653873E+02 

CRVAL2  =   5.483120594112E+01 

CRPIX1  =   3.038498807970E+03 

CRPIX2  =  -1.414358583961E+02 

CD1_1   =  -5.191464849636E-05 

CD1_2   =  -2.705737331484E-07 

CD2_1   =  -2.108093320576E-07 

CD2_2   =   5.189185444835E-05 

PV1_0   =  -1.995244355645E-04 

PV1_1   =   1.001621912651E+00 

PV1_2   =   3.000863182347E-03 

PV1_4   =   2.806494096103E-02 

PV1_5   =  -4.776815510099E-02 

PV1_6   =  -2.231562783446E-03 

PV1_7   =  -2.036152937375E-01 

PV1_8   =   1.909142364808E-01 

PV1_9   =   1.620018921013E-02 

PV1_10  =  -2.848152116624E-03 

PV2_0   =  -6.014119256343E-04 

PV2_1   =   1.002945224139E+00 

PV2_2   =   1.536379731720E-02 

PV2_4   =  -4.797027980100E-03 

PV2_5   =  -2.309913502576E-02 

PV2_6   =  -1.371713414649E-01 

PV2_7   =  -1.201757912304E-02 

PV2_8   =   1.635194861826E-02 

PV2_9   =   7.772251334992E-02 

PV2_10  =   3.993377873805E-01 

FGROUPNO=                    1 

ASTIRMS1=   2.035195569208E-05 

ASTIRMS2=   1.830696122120E-05 

ASTRRMS1=   4.633224408468E-05 

ASTRRMS2=   4.399865583343E-05 

ASTINST =                    1 

FLSCALE =   3.128895505511E-01 

MAGZEROP=          30.00000000 

PHOTIRMS=           0.06433078 

PHOTINST=                    1 

PHOTLINK=                    F 

RZP     =             0.014678 

FLXSCALE=         8.643526E-03 

END



