EQUINOX =        2000.00000000 

RADESYS = 'ICRS    '           

CTYPE1  = 'RA---TAN'           

CTYPE2  = 'DEC--TAN'           

CUNIT1  = 'deg     '           

CUNIT2  = 'deg     '           

CRVAL1  =   2.100605639267E+02 

CRVAL2  =   5.385102831586E+01 

CRPIX1  =   7.340788076396E+03 

CRPIX2  =  -5.246980953966E+03 

CD1_1   =  -5.142550930945E-05 

CD1_2   =  -5.277929029771E-07 

CD2_1   =   1.753625217678E-08 

CD2_2   =   5.136116878485E-05 

PV1_0   =  -9.941570132959E-03 

PV1_1   =   1.076502783897E+00 

PV1_2   =   4.643225881864E-03 

PV1_4   =  -2.196894467580E-01 

PV1_5   =  -1.235964305982E-02 

PV1_6   =   9.946423668983E-03 

PV1_7   =   2.333767217071E-01 

PV1_8   =  -1.597011405345E-02 

PV1_9   =   1.896603094612E-03 

PV1_10  =  -1.607124153395E-02 

PV2_0   =   3.086631459900E-03 

PV2_1   =   1.019687405186E+00 

PV2_2   =  -7.081362053322E-02 

PV2_4   =   4.227198316119E-03 

PV2_5   =  -5.978803354323E-02 

PV2_6   =   2.760649745860E-01 

PV2_7   =  -2.912383293778E-02 

PV2_8   =   9.149154748729E-03 

PV2_9   =   6.275211810044E-02 

PV2_10  =  -3.246817981528E-01 

FGROUPNO=                    1 

ASTIRMS1=   2.035195569208E-05 

ASTIRMS2=   1.830696122120E-05 

ASTRRMS1=   4.957464106769E-05 

ASTRRMS2=   4.314082683626E-05 

ASTINST =                    1 

FLSCALE =   3.474980022882E-01 

MAGZEROP=          30.00000000 

PHOTIRMS=           0.06433078 

PHOTINST=                    1 

PHOTLINK=                    F 

RZP     =             0.026222 

FLXSCALE=         9.747731E-03 

END



