EQUINOX =        2000.00000000 

RADESYS = 'ICRS    '           

CTYPE1  = 'RA---TAN'           

CTYPE2  = 'DEC--TAN'           

CUNIT1  = 'deg     '           

CUNIT2  = 'deg     '           

CRVAL1  =   2.111594653873E+02 

CRVAL2  =   5.483120594112E+01 

CRPIX1  =   9.466168854205E+03 

CRPIX2  =  -1.600593545668E+02 

CD1_1   =  -5.125852456079E-05 

CD1_2   =  -3.537147553163E-07 

CD2_1   =  -1.178848281206E-07 

CD2_2   =   5.167641278984E-05 

PV1_0   =  -1.582827139280E-02 

PV1_1   =   1.080588358868E+00 

PV1_2   =   4.109165890262E-02 

PV1_4   =  -1.249936592938E-01 

PV1_5   =  -1.514223344895E-01 

PV1_6   =  -3.003948665077E-02 

PV1_7   =   5.269288741810E-02 

PV1_8   =   1.432516091004E-01 

PV1_9   =   5.199921557141E-02 

PV1_10  =  -1.080035068533E-02 

PV2_0   =  -5.364226369324E-02 

PV2_1   =   1.007906668593E+00 

PV2_2   =   3.703745204605E-01 

PV2_4   =   6.286227675257E-03 

PV2_5   =  -1.518630208897E-02 

PV2_6   =  -8.559534414336E-01 

PV2_7   =  -2.667376067137E-02 

PV2_8   =  -8.295907477337E-03 

PV2_9   =  -2.043689794289E-03 

PV2_10  =   6.617860283300E-01 

FGROUPNO=                    1 

ASTIRMS1=   2.035195569208E-05 

ASTIRMS2=   1.830696122120E-05 

ASTRRMS1=   4.633224408468E-05 

ASTRRMS2=   4.399865583343E-05 

ASTINST =                    1 

FLSCALE =   3.128895505511E-01 

MAGZEROP=          30.00000000 

PHOTIRMS=           0.06433078 

PHOTINST=                    1 

PHOTLINK=                    F 

RZP     =             0.014678 

FLXSCALE=         8.643526E-03 

END



