EQUINOX =        2000.00000000 

RADESYS = 'ICRS    '           

CTYPE1  = 'RA---TAN'           

CTYPE2  = 'DEC--TAN'           

CUNIT1  = 'deg     '           

CUNIT2  = 'deg     '           

CRVAL1  =   2.109473743626E+02 

CRVAL2  =   5.514585769537E+01 

CRPIX1  =   7.307205467817E+03 

CRPIX2  =   4.535512091622E+03 

CD1_1   =  -5.155924524583E-05 

CD1_2   =  -1.986487913889E-07 

CD2_1   =  -3.944216953909E-07 

CD2_2   =   5.176692823274E-05 

PV1_0   =  -6.105736708959E-03 

PV1_1   =   1.040249961544E+00 

PV1_2   =  -1.214310968266E-02 

PV1_4   =  -7.586081912640E-02 

PV1_5   =   6.941061921858E-02 

PV1_6   =   1.421310921918E-02 

PV1_7   =   3.043232340372E-02 

PV1_8   =  -1.138038360571E-01 

PV1_9   =  -6.711197215637E-02 

PV1_10  =   1.504008554392E-03 

PV2_0   =   4.859309397537E-03 

PV2_1   =   1.016238533120E+00 

PV2_2   =  -3.581389513595E-02 

PV2_4   =  -6.491345856896E-03 

PV2_5   =  -8.152168069897E-02 

PV2_6   =   8.987502151660E-02 

PV2_7   =  -3.836265998642E-02 

PV2_8   =   4.244645679758E-03 

PV2_9   =   1.027448009561E-01 

PV2_10  =  -7.714024874360E-02 

FGROUPNO=                    1 

ASTIRMS1=   2.035195569208E-05 

ASTIRMS2=   1.830696122120E-05 

ASTRRMS1=   4.605958295029E-05 

ASTRRMS2=   4.394560590742E-05 

ASTINST =                    1 

FLSCALE =   2.901986252959E-01 

MAGZEROP=          30.00000000 

PHOTIRMS=           0.06433078 

PHOTINST=                    1 

PHOTLINK=                    F 

RZP     =            -0.008350 

FLXSCALE=         7.988271E-03 

END



