EQUINOX =        2000.00000000 

RADESYS = 'ICRS    '           

CTYPE1  = 'RA---TAN'           

CTYPE2  = 'DEC--TAN'           

CUNIT1  = 'deg     '           

CUNIT2  = 'deg     '           

CRVAL1  =   2.099638406407E+02 

CRVAL2  =   5.416458261694E+01 

CRPIX1  =   9.512416530140E+03 

CRPIX2  =  -5.270153654205E+03 

CD1_1   =  -5.114582127981E-05 

CD1_2   =  -6.573221713720E-07 

CD2_1   =   3.669210312184E-08 

CD2_2   =   5.125335480269E-05 

PV1_0   =   7.696681888504E-02 

PV1_1   =   4.639911851950E-01 

PV1_2   =  -2.593016524493E-02 

PV1_4   =   1.237526620291E+00 

PV1_5   =   1.057125496693E-01 

PV1_6   =   2.434226572752E-02 

PV1_7   =  -9.524057011798E-01 

PV1_8   =  -1.040375515141E-01 

PV1_9   =  -3.673507240416E-02 

PV1_10  =  -1.528688238881E-02 

PV2_0   =  -6.574871917187E-02 

PV2_1   =   1.085743163383E+00 

PV2_2   =   3.585416760102E-01 

PV2_4   =  -7.089489127083E-02 

PV2_5   =  -2.072436382766E-01 

PV2_6   =  -7.050904295248E-01 

PV2_7   =   3.749998439719E-02 

PV2_8   =   4.344984284626E-03 

PV2_9   =   2.093666283007E-01 

PV2_10  =   4.606543500854E-01 

FGROUPNO=                    1 

ASTIRMS1=   2.035195569208E-05 

ASTIRMS2=   1.830696122120E-05 

ASTRRMS1=   4.967257630645E-05 

ASTRRMS2=   4.438807409180E-05 

ASTINST =                    1 

FLSCALE =   2.928753351964E-01 

MAGZEROP=          30.00000000 

PHOTIRMS=           0.06433078 

PHOTINST=                    1 

PHOTLINK=                    F 

RZP     =            -0.010683 

FLXSCALE=         8.201138E-03 

END



