EQUINOX =        2000.00000000 

RADESYS = 'ICRS    '           

CTYPE1  = 'RA---TAN'           

CTYPE2  = 'DEC--TAN'           

CUNIT1  = 'deg     '           

CUNIT2  = 'deg     '           

CRVAL1  =   2.099638406407E+02 

CRVAL2  =   5.416458261694E+01 

CRPIX1  =   7.345026987845E+03 

CRPIX2  =   9.631180762095E+03 

CD1_1   =  -5.139811801620E-05 

CD1_2   =   1.522221279590E-08 

CD2_1   =  -5.339446554574E-07 

CD2_2   =   5.131094727521E-05 

PV1_0   =  -1.005469685262E-03 

PV1_1   =   9.775714882530E-01 

PV1_2   =  -1.302285230734E-02 

PV1_4   =   1.378002773990E-01 

PV1_5   =   5.802821743539E-02 

PV1_6   =   4.407718452198E-03 

PV1_7   =  -1.928174146818E-01 

PV1_8   =  -6.996056384451E-02 

PV1_9   =  -5.823084320022E-03 

PV1_10  =   9.425967619796E-03 

PV2_0   =   5.080454375934E-03 

PV2_1   =   1.002818705149E+00 

PV2_2   =  -2.489480930791E-02 

PV2_4   =  -3.369262892549E-02 

PV2_5   =  -1.210016682285E-02 

PV2_6   =   5.568477056400E-02 

PV2_7   =  -6.489205749162E-02 

PV2_8   =  -3.136867308706E-02 

PV2_9   =  -4.201941518809E-02 

PV2_10  =  -6.572121910303E-02 

FGROUPNO=                    1 

ASTIRMS1=   2.035195569208E-05 

ASTIRMS2=   1.830696122120E-05 

ASTRRMS1=   4.967257630645E-05 

ASTRRMS2=   4.438807409180E-05 

ASTINST =                    1 

FLSCALE =   2.928753351964E-01 

MAGZEROP=          30.00000000 

PHOTIRMS=           0.06433078 

PHOTINST=                    1 

PHOTLINK=                    F 

RZP     =            -0.010683 

FLXSCALE=         8.201138E-03 

END



