EQUINOX =        2000.00000000 

RADESYS = 'ICRS    '           

CTYPE1  = 'RA---TAN'           

CTYPE2  = 'DEC--TAN'           

CUNIT1  = 'deg     '           

CUNIT2  = 'deg     '           

CRVAL1  =   2.109473743626E+02 

CRVAL2  =   5.514585769537E+01 

CRPIX1  =  -5.498527901492E+03 

CRPIX2  =   9.634502559807E+03 

CD1_1   =  -5.142432754465E-05 

CD1_2   =  -5.562336271144E-07 

CD2_1   =   5.542636578340E-09 

CD2_2   =   5.130279686704E-05 

PV1_0   =   1.121008966383E-02 

PV1_1   =   1.088232144004E+00 

PV1_2   =   3.807906806805E-03 

PV1_4   =   2.501968524419E-01 

PV1_5   =   8.044083438410E-03 

PV1_6   =  -9.564471468847E-03 

PV1_7   =   2.556788158628E-01 

PV1_8   =  -1.690864849766E-02 

PV1_9   =  -7.369206679357E-04 

PV1_10  =  -1.560809520104E-02 

PV2_0   =   9.475029321264E-03 

PV2_1   =   1.015400410362E+00 

PV2_2   =   4.425351983339E-02 

PV2_4   =  -9.599956148274E-03 

PV2_5   =   3.457272780777E-02 

PV2_6   =   7.917809410129E-02 

PV2_7   =  -1.231764131885E-02 

PV2_8   =  -7.377797112976E-02 

PV2_9   =   1.104949646101E-01 

PV2_10  =   1.025587462200E-02 

FGROUPNO=                    1 

ASTIRMS1=   2.035195569208E-05 

ASTIRMS2=   1.830696122120E-05 

ASTRRMS1=   4.605958295029E-05 

ASTRRMS2=   4.394560590742E-05 

ASTINST =                    1 

FLSCALE =   2.901986252959E-01 

MAGZEROP=          30.00000000 

PHOTIRMS=           0.06433078 

PHOTINST=                    1 

PHOTLINK=                    F 

RZP     =            -0.008350 

FLXSCALE=         7.988271E-03 

END



