EQUINOX =        2000.00000000 

RADESYS = 'ICRS    '           

CTYPE1  = 'RA---TAN'           

CTYPE2  = 'DEC--TAN'           

CUNIT1  = 'deg     '           

CUNIT2  = 'deg     '           

CRVAL1  =   2.116306243401E+02 

CRVAL2  =   5.416479153771E+01 

CRPIX1  =  -1.199831681565E+03 

CRPIX2  =   4.521222925076E+03 

CD1_1   =  -5.189957185518E-05 

CD1_2   =  -3.547466784491E-07 

CD2_1   =  -2.796581105495E-07 

CD2_2   =   5.187300844792E-05 

PV1_0   =  -3.928033706333E-04 

PV1_1   =   9.912068015685E-01 

PV1_2   =  -1.958615990954E-03 

PV1_4   =  -6.977840951237E-02 

PV1_5   =  -2.869954434368E-02 

PV1_6   =  -2.710025044709E-03 

PV1_7   =  -1.774068383655E-01 

PV1_8   =  -1.049585829807E-01 

PV1_9   =  -3.052540567496E-02 

PV1_10  =   2.730802444166E-03 

PV2_0   =   1.677640489448E-04 

PV2_1   =   1.002678448863E+00 

PV2_2   =  -1.105998301250E-03 

PV2_4   =   5.830199768983E-03 

PV2_5   =   1.047708973433E-02 

PV2_6   =  -3.470107536453E-02 

PV2_7   =   6.259145358140E-03 

PV2_8   =  -4.299516476423E-02 

PV2_9   =   6.267691589010E-02 

PV2_10  =  -1.518940848588E-01 

FGROUPNO=                    1 

ASTIRMS1=   2.035195569208E-05 

ASTIRMS2=   1.830696122120E-05 

ASTRRMS1=   4.582895554590E-05 

ASTRRMS2=   4.260668060696E-05 

ASTINST =                    1 

FLSCALE =   3.521712098694E-01 

MAGZEROP=          30.00000000 

PHOTIRMS=           0.06433078 

PHOTINST=                    1 

PHOTLINK=                    F 

RZP     =            -0.011171 

FLXSCALE=         9.796784E-03 

END



