EQUINOX =        2000.00000000 

RADESYS = 'ICRS    '           

CTYPE1  = 'RA---TAN'           

CTYPE2  = 'DEC--TAN'           

CUNIT1  = 'deg     '           

CUNIT2  = 'deg     '           

CRVAL1  =   2.092433085915E+02 

CRVAL2  =   5.514476509091E+01 

CRPIX1  =   1.166201174993E+04 

CRPIX2  =   4.555697449725E+03 

CD1_1   =  -5.085749131775E-05 

CD1_2   =  -7.922782048592E-08 

CD2_1   =  -4.346360420342E-07 

CD2_2   =   5.153352385418E-05 

PV1_0   =  -6.354339590068E-02 

PV1_1   =   1.334745923543E+00 

PV1_2   =  -3.964968160308E-04 

PV1_4   =  -5.863198788836E-01 

PV1_5   =   3.203982417412E-02 

PV1_6   =   1.170133271562E-01 

PV1_7   =   3.405055301767E-01 

PV1_8   =  -6.695747436646E-02 

PV1_9   =  -2.355865745080E-01 

PV1_10  =  -2.872504136760E-04 

PV2_0   =   2.259156750146E-02 

PV2_1   =   1.016993900879E+00 

PV2_2   =  -1.201419492464E-01 

PV2_4   =  -6.432882157034E-02 

PV2_5   =  -5.627593324639E-02 

PV2_6   =   2.183079779144E-01 

PV2_7   =  -1.155443610969E-02 

PV2_8   =   1.232773603293E-01 

PV2_9   =   5.017147644596E-02 

PV2_10  =  -1.346393692664E-01 

FGROUPNO=                    1 

ASTIRMS1=   2.035195569208E-05 

ASTIRMS2=   1.830696122120E-05 

ASTRRMS1=   4.953398153093E-05 

ASTRRMS2=   4.387031385565E-05 

ASTINST =                    1 

FLSCALE =   2.814911795006E-01 

MAGZEROP=          30.00000000 

PHOTIRMS=           0.06433078 

PHOTINST=                    1 

PHOTLINK=                    F 

RZP     =            -0.036151 

FLXSCALE=         7.764600E-03 

END



