EQUINOX =        2000.00000000 

RADESYS = 'ICRS    '           

CTYPE1  = 'RA---TAN'           

CTYPE2  = 'DEC--TAN'           

CUNIT1  = 'deg     '           

CUNIT2  = 'deg     '           

CRVAL1  =   2.092433085915E+02 

CRVAL2  =   5.514476509091E+01 

CRPIX1  =   7.307205467817E+03 

CRPIX2  =   4.535512091622E+03 

CD1_1   =  -5.155945442266E-05 

CD1_2   =  -1.951016517612E-07 

CD2_1   =  -3.943204899394E-07 

CD2_2   =   5.176727147389E-05 

PV1_0   =  -6.137188888797E-03 

PV1_1   =   1.040218046388E+00 

PV1_2   =  -1.226634395829E-02 

PV1_4   =  -7.586081912640E-02 

PV1_5   =   6.941061921858E-02 

PV1_6   =   1.421310921918E-02 

PV1_7   =   3.043232340372E-02 

PV1_8   =  -1.138038360571E-01 

PV1_9   =  -6.711197215637E-02 

PV1_10  =   1.504008554392E-03 

PV2_0   =   4.873711765468E-03 

PV2_1   =   1.016223714068E+00 

PV2_2   =  -3.574756892973E-02 

PV2_4   =  -6.491345856896E-03 

PV2_5   =  -8.152168069897E-02 

PV2_6   =   8.987502151660E-02 

PV2_7   =  -3.836265998642E-02 

PV2_8   =   4.244645679758E-03 

PV2_9   =   1.027448009561E-01 

PV2_10  =  -7.714024874360E-02 

FGROUPNO=                    1 

ASTIRMS1=   2.035195569208E-05 

ASTIRMS2=   1.830696122120E-05 

ASTRRMS1=   4.953398153093E-05 

ASTRRMS2=   4.387031385565E-05 

ASTINST =                    1 

FLSCALE =   2.814911795006E-01 

MAGZEROP=          30.00000000 

PHOTIRMS=           0.06433078 

PHOTINST=                    1 

PHOTLINK=                    F 

RZP     =            -0.036151 

FLXSCALE=         7.764600E-03 

END



