EQUINOX =        2000.00000000 

RADESYS = 'ICRS    '           

CTYPE1  = 'RA---TAN'           

CTYPE2  = 'DEC--TAN'           

CUNIT1  = 'deg     '           

CUNIT2  = 'deg     '           

CRVAL1  =   2.094924718547E+02 

CRVAL2  =   5.483089196859E+01 

CRPIX1  =  -9.807994049768E+03 

CRPIX2  =   4.550328441542E+03 

CD1_1   =  -5.089208649317E-05 

CD1_2   =  -3.937069983558E-07 

CD2_1   =  -9.213808596404E-08 

CD2_2   =   5.154445469141E-05 

PV1_0   =  -6.396588105164E-03 

PV1_1   =   9.499677670401E-01 

PV1_2   =  -1.688554457070E-02 

PV1_4   =  -1.199790903643E-01 

PV1_5   =  -5.171776006032E-02 

PV1_6   =  -3.987533899262E-02 

PV1_7   =  -9.150704954799E-02 

PV1_8   =  -2.875096765965E-02 

PV1_9   =  -9.890128683399E-02 

PV1_10  =   1.442647389347E-03 

PV2_0   =   6.196949413728E-02 

PV2_1   =   1.064265911697E+00 

PV2_2   =   3.227100643121E-01 

PV2_4   =   5.905152395419E-02 

PV2_5   =   1.766348950205E-01 

PV2_6   =   5.645809543585E-01 

PV2_7   =  -1.686227969862E-03 

PV2_8   =   9.394252392637E-02 

PV2_9   =   1.138827869159E-01 

PV2_10  =   3.324508390894E-01 

FGROUPNO=                    1 

ASTIRMS1=   2.035195569208E-05 

ASTIRMS2=   1.830696122120E-05 

ASTRRMS1=   4.828841427884E-05 

ASTRRMS2=   4.398667619985E-05 

ASTINST =                    1 

FLSCALE =   3.324545943826E-01 

MAGZEROP=          30.00000000 

PHOTIRMS=           0.06433078 

PHOTINST=                    1 

PHOTLINK=                    F 

RZP     =            -0.023795 

FLXSCALE=         9.197030E-03 

END



