EQUINOX =        2000.00000000 

RADESYS = 'ICRS    '           

CTYPE1  = 'RA---TAN'           

CTYPE2  = 'DEC--TAN'           

CUNIT1  = 'deg     '           

CUNIT2  = 'deg     '           

CRVAL1  =   2.109473743626E+02 

CRVAL2  =   5.514585769537E+01 

CRPIX1  =  -3.323002698477E+03 

CRPIX2  =   4.525531222410E+03 

CD1_1   =  -5.176359781491E-05 

CD1_2   =  -3.432949222812E-07 

CD2_1   =  -2.186946631149E-07 

CD2_2   =   5.184132690227E-05 

PV1_0   =   3.467618550338E-03 

PV1_1   =   1.048029398041E+00 

PV1_2   =  -6.741245000430E-03 

PV1_4   =   2.177731880972E-01 

PV1_5   =  -4.244925744273E-02 

PV1_6   =  -2.303977659660E-02 

PV1_7   =   3.248836296110E-01 

PV1_8   =  -4.325206744923E-02 

PV1_9   =  -1.071721498710E-01 

PV1_10  =  -9.998048560633E-03 

PV2_0   =  -2.833283379880E-05 

PV2_1   =   1.009247631678E+00 

PV2_2   =  -8.281122474525E-03 

PV2_4   =   1.039128133079E-02 

PV2_5   =   4.954225576830E-02 

PV2_6   =  -6.123295155816E-02 

PV2_7   =  -3.087503252793E-02 

PV2_8   =   6.278861584849E-02 

PV2_9   =   5.056084360071E-02 

PV2_10  =  -1.146187225198E-01 

FGROUPNO=                    1 

ASTIRMS1=   2.035195569208E-05 

ASTIRMS2=   1.830696122120E-05 

ASTRRMS1=   4.605958295029E-05 

ASTRRMS2=   4.394560590742E-05 

ASTINST =                    1 

FLSCALE =   2.901986252959E-01 

MAGZEROP=          30.00000000 

PHOTIRMS=           0.06433078 

PHOTINST=                    1 

PHOTLINK=                    F 

RZP     =            -0.008350 

FLXSCALE=         7.988271E-03 

END



