EQUINOX =        2000.00000000 

RADESYS = 'ICRS    '           

CTYPE1  = 'RA---TAN'           

CTYPE2  = 'DEC--TAN'           

CUNIT1  = 'deg     '           

CUNIT2  = 'deg     '           

CRVAL1  =   2.111594653873E+02 

CRVAL2  =   5.483120594112E+01 

CRPIX1  =   1.165659001289E+04 

CRPIX2  =  -1.794869802366E+02 

CD1_1   =  -5.087072404424E-05 

CD1_2   =  -3.827484872332E-07 

CD2_1   =  -5.733205756775E-08 

CD2_2   =   5.154290580655E-05 

PV1_0   =  -7.530101274287E-02 

PV1_1   =   1.399521302184E+00 

PV1_2   =   2.709219258742E-02 

PV1_4   =  -7.102442653329E-01 

PV1_5   =  -5.247001050650E-02 

PV1_6   =  -7.198922460180E-02 

PV1_7   =   4.214389076736E-01 

PV1_8   =   3.357028097550E-02 

PV1_9   =   2.846177896975E-02 

PV1_10  =   1.074248227319E-01 

PV2_0   =   1.360903062038E-01 

PV2_1   =   9.730684595107E-01 

PV2_2   =  -7.681946056471E-01 

PV2_4   =   3.463569610278E-02 

PV2_5   =   1.155187732353E-01 

PV2_6   =   1.437056302243E+00 

PV2_7   =  -1.019379061541E-01 

PV2_8   =  -9.147315797234E-03 

PV2_9   =  -1.265943338017E-01 

PV2_10  =  -8.909359310361E-01 

FGROUPNO=                    1 

ASTIRMS1=   2.035195569208E-05 

ASTIRMS2=   1.830696122120E-05 

ASTRRMS1=   4.633224408468E-05 

ASTRRMS2=   4.399865583343E-05 

ASTINST =                    1 

FLSCALE =   3.128895505511E-01 

MAGZEROP=          30.00000000 

PHOTIRMS=           0.06433078 

PHOTINST=                    1 

PHOTLINK=                    F 

RZP     =             0.014678 

FLXSCALE=         8.643526E-03 

END



