EQUINOX =        2000.00000000 

RADESYS = 'ICRS    '           

CTYPE1  = 'RA---TAN'           

CTYPE2  = 'DEC--TAN'           

CUNIT1  = 'deg     '           

CUNIT2  = 'deg     '           

CRVAL1  =   2.109473743626E+02 

CRVAL2  =   5.514585769537E+01 

CRPIX1  =  -7.627386596313E+03 

CRPIX2  =  -1.495671937837E+02 

CD1_1   =  -5.127555539448E-05 

CD1_2   =  -1.016500058058E-07 

CD2_1   =  -3.302876450077E-07 

CD2_2   =   5.168312627628E-05 

PV1_0   =   9.410131335009E-02 

PV1_1   =   1.605607604863E+00 

PV1_2   =  -6.672510651384E-02 

PV1_4   =   1.291642095291E+00 

PV1_5   =  -3.040982444188E-01 

PV1_6   =  -2.352324074355E-02 

PV1_7   =   9.128063454366E-01 

PV1_8   =  -3.406021923250E-01 

PV1_9   =  -5.295529695780E-03 

PV1_10  =   8.317674478741E-02 

PV2_0   =  -1.089412152584E-01 

PV2_1   =   1.059360372486E+00 

PV2_2   =  -7.204935749080E-01 

PV2_4   =   1.340656467644E-02 

PV2_5   =   2.449842440854E-01 

PV2_6   =  -1.589549564917E+00 

PV2_7   =  -1.162819213391E-01 

PV2_8   =  -4.792211659674E-02 

PV2_9   =   2.382730553637E-01 

PV2_10  =  -1.170333622232E+00 

FGROUPNO=                    1 

ASTIRMS1=   2.035195569208E-05 

ASTIRMS2=   1.830696122120E-05 

ASTRRMS1=   4.605958295029E-05 

ASTRRMS2=   4.394560590742E-05 

ASTINST =                    1 

FLSCALE =   2.901986252959E-01 

MAGZEROP=          30.00000000 

PHOTIRMS=           0.06433078 

PHOTINST=                    1 

PHOTLINK=                    F 

RZP     =            -0.008350 

FLXSCALE=         7.988271E-03 

END



