EQUINOX =        2000.00000000 

RADESYS = 'ICRS    '           

CTYPE1  = 'RA---TAN'           

CTYPE2  = 'DEC--TAN'           

CUNIT1  = 'deg     '           

CUNIT2  = 'deg     '           

CRVAL1  =   2.109473743626E+02 

CRVAL2  =   5.514585769537E+01 

CRPIX1  =  -7.672283369190E+03 

CRPIX2  =  -5.264433402444E+03 

CD1_1   =  -5.114985782982E-05 

CD1_2   =   1.056523672728E-07 

CD2_1   =  -5.735611367178E-07 

CD2_2   =   5.129865196676E-05 

PV1_0   =   4.786582709478E-03 

PV1_1   =   1.004115633100E+00 

PV1_2   =  -1.258995111272E-02 

PV1_4   =  -2.867809065941E-02 

PV1_5   =  -2.077793791350E-02 

PV1_6   =   3.031770698723E-03 

PV1_7   =  -5.578760544092E-02 

PV1_8   =  -5.919194195443E-02 

PV1_9   =  -6.346356220029E-02 

PV1_10  =  -1.793317680369E-02 

PV2_0   =   1.232469147819E-03 

PV2_1   =   9.975384995787E-01 

PV2_2   =   1.958669442646E-02 

PV2_4   =   6.887047205446E-02 

PV2_5   =   4.755718418318E-02 

PV2_6   =   7.487189544979E-02 

PV2_7   =  -5.904640663505E-02 

PV2_8   =   6.415951260714E-02 

PV2_9   =   8.828212023220E-02 

PV2_10  =   8.541565367217E-02 

FGROUPNO=                    1 

ASTIRMS1=   2.035195569208E-05 

ASTIRMS2=   1.830696122120E-05 

ASTRRMS1=   4.605958295029E-05 

ASTRRMS2=   4.394560590742E-05 

ASTINST =                    1 

FLSCALE =   2.901986252959E-01 

MAGZEROP=          30.00000000 

PHOTIRMS=           0.06433078 

PHOTINST=                    1 

PHOTLINK=                    F 

RZP     =            -0.008350 

FLXSCALE=         7.988271E-03 

END



