EQUINOX =        2000.00000000 

RADESYS = 'ICRS    '           

CTYPE1  = 'RA---TAN'           

CTYPE2  = 'DEC--TAN'           

CUNIT1  = 'deg     '           

CUNIT2  = 'deg     '           

CRVAL1  =   2.100605639267E+02 

CRVAL2  =   5.385102831586E+01 

CRPIX1  =  -7.662851659325E+03 

CRPIX2  =   9.657174098945E+03 

CD1_1   =  -5.114544964370E-05 

CD1_2   =  -5.780663313329E-07 

CD2_1   =   1.206539970048E-07 

CD2_2   =   5.123510904314E-05 

PV1_0   =  -1.391476299599E-02 

PV1_1   =   8.824875690493E-01 

PV1_2   =  -3.872005825721E-03 

PV1_4   =  -3.478994723869E-01 

PV1_5   =   8.036913035675E-02 

PV1_6   =  -7.741034155089E-02 

PV1_7   =  -3.248127428518E-01 

PV1_8   =   1.104426338840E-01 

PV1_9   =  -4.962411501686E-02 

PV1_10  =  -5.737720926181E-02 

PV2_0   =   6.665319579493E-03 

PV2_1   =   1.001253693072E+00 

PV2_2   =   3.470071779169E-02 

PV2_4   =   1.776087908143E-02 

PV2_5   =  -8.899347462015E-02 

PV2_6   =   1.148259761284E-01 

PV2_7   =   1.174394377541E-02 

PV2_8   =  -5.127555363733E-02 

PV2_9   =  -8.370159022172E-02 

PV2_10  =   1.145765928297E-01 

FGROUPNO=                    1 

ASTIRMS1=   2.035195569208E-05 

ASTIRMS2=   1.830696122120E-05 

ASTRRMS1=   4.957464106769E-05 

ASTRRMS2=   4.314082683626E-05 

ASTINST =                    1 

FLSCALE =   3.474980022882E-01 

MAGZEROP=          30.00000000 

PHOTIRMS=           0.06433078 

PHOTINST=                    1 

PHOTLINK=                    F 

RZP     =             0.026222 

FLXSCALE=         9.747731E-03 

END



